37570
10370
68696
3140
29309
65763
38140
29067
18679
69431
24229
51781
89526
74817
56390
4868
1044
99537
97609
80563
35226
68271
59777
56553
45995
89785
22811
41105
55194
68190
7591
89471
52796
17019
82494
14943
84086
50999
39553
8625
18379
60426
65704
56666
63560
14259
50149
20295
41439
90406
3751
19400
73827
70832
11491
55906
62326
43803
25069
27937
99698
4326
99263
72841
50421
12229
40654
1107
84938
39147
45680
34131
26914
4117
22084
88196
62384
86791
74255
92255
86307
80945
76362
61346
44750
67979
2220
59994
76829
42531
55004
99509
93429
68017
34037
90776
82664
4615
16204
64628
18753
19117
38720
94707
40640
64694
56515
7992
74983
85170
20776
92973
59783
34923
91379
4420
6820
50792
15440
40919
11634
64607
21314
78255
76307
64865
6098
1698
53110
71044
54435
75249
34082
24929
35582
9191
6564
84244
56164
77276
41053
69017
71555
90032
69656
10622
93139
62258
70361
98695
12510
50679
57577
95868
26591
72519
95848
87634
68233
35750
20299
23330
57695
19591
96711
94026
15979
77020
50076
42886
43994
20802
63792
49065
8239
78853
26140
93061
88389
74990
35978
7363
91135
77200
45008
5846
8957
25021
72535
18828
40658
21552
34674
14503
17215
65433
68981
29388
64289
34398
44096
34537
28294
85702
52081
95359
41202
57240
10505
96883
78343
84981
15995
11864
2602
29272
19840
75914
87775
42415
6630
67383
99820
53564
27369
69839
47993
82171
92368
88005
73649
54293
2584
7892
64913
31487
41277
7927
46696
81946
91828
19124
53063
54125
56366
96710
42251
84239
81434
48831
99182
60791
12642
88266
90121
17187
57897
82653
38645
62389
20091
30883
42252
2477
10357
5576
9816
24397
85699
11411
74444
33969
23745
55043
39255
58398
79400
49091
72314
17629
90460
44918
6105
82295
82706
20888
94014
55492
47244
4797
75292
18594
49878
6998
79387
47383
18868
61032
40059
47483
45574
68894
72792
13336
83701
84585
88358
28317
61772
23912
28620
78130
93834
77910
61272
97740
63174
23889
63891
96390
85535
23868
39871
67741
51453
79977
46435
43408
15050
67789
22686
62694
17863
23416
82331
27779
71494
62435
3373
80762
84231
65447
16119
720
85913
70528
20292
12654
16421
56723
9092
19728
14998
84028
40393
35926
34176
42726
25357
49879
15355
31167
60912
75883
55619
76422
77889
79656
9993
23194
35386
87017
21625
58955
29259
47653
77573
89927
59835
5956
94956
2841
9158
22974
47787
53261
13130
49779
98996
3326
18245
72876
61143
96262
93385
5326
71567
2973
29831
24188
34780
29333
87033
77381
6098
3571
30199
50672
85649
62473
69259
52874
20162
63434
85715
57461
61033
59091
96227
11013
74601
87340
10695
2615
6941
33664
88248
61614
96276
63908
66477
21172
88436
5843
32033
12208
52767
93153
10502
98215
86263
90778
63527
99601
63422
85012
72038
43807
39591
77939
8614
95392
42690
73228
17466
14144
74288
62613
32
54800
7913
93042
9484
60571
83161
15383
92738
25350
33563
8875
80268
83014
20723
15258
1424
58935
11903
21415
99400
12332
84746
23054
73124
6090
9884
84982
71008
57258
97884
89297
68036
41797
34611
57133
33184
24294
39973
3271
15118
66057
54778
65301
78849
68279
12192
73788
47502
57796
69989
99507
29641
4353
88210
90277
10113
90906
65634
90731
37338
99506
70587
45645
96164
42167
51326
63106
26754
53953
30005
2140
98687
86076
97123
31186
95022
93652
17078
84088
5084
8952
42387
55520
64081
29870
20448
9819
50070
56229
85102
97965
76897
6260
80726
61359
66131
98424
70071
78682
47041
2882
12667
40539
76044
4676
87650
58706
2427
74849
55960
54617
61236
42945
91766
22331
94555
23150
38588
17993
50688
499
5063
662
93574
22406
14288
4702
35496
30789
84113
67881
54539
35963
56077
38949
81998
85012
39694
67392
79606
35108
32950
88477
56867
22732
73409
79532
19970
69265
45972
9536
57883
30598
24060
13681
14798
99405
9793
91487
22727
49530
75895
80063
59248
28900
7636
80136
83172
76868
73402
94703
8773
45223
74182
15189
6712
55039
80521
26200
17463
60868
89887
77003
94736
1862
21784
50575
37993
25437
24841
63246
81464
35868
12561
99486
42133
63524
9872
27502
85901
11430
85720
45633
53905
58355
96824
83200
95954
25455
6853
25091
88181
64371
40875
86856
17549
92299
77446
21690
10131
8897
48810
74755
30592
48321
2784
71577
46542
95991
55713
45465
48380
30891
2618
40322
17244
47549
25143
35462
4669
27664
74331
73158
56762
54451
50579
7624
64600
82747
28208
72157
15789
21248
96406
13669
42729
2283
89309
32551
73500
54546
37611
19628
42631
83275
74843
52115
1265
8667
35276
9426
80617
84106
75715
14428
50577
29874
92055
75064
13458
71930
92254
5981
23126
23547
40936
79874
99667
23492
28465
67965
8458
28253
76671
57727
59025
91351
77640
52405
24153
51037
71489
36161
78785
92874
56493
29215
22067
1805
48775
38461
23400
76503
27381
93547
59474
62662
47505
43280
50122
21990
63324
36246
20962
69750
45463
91682
22273
63878
90723
45587
75900
35473
77949
15520
2063
37414
56440
85463
7180
50762
41783
15114
77553
78682
5511
45664
33777
86230
88920
39303
45346
76958
7335
51527
27492
15168
32000
43655
27575
54939
30752
72996
50696
99877
5988
7781
66368
897
32994
2435
60625
51810
64008
94311
67297
58163
62112
32675
51523
35417
1033
15267
5054
37174
57677
77071
4028
23883
60618
2043
52398
56014
72968
1910
96081
91535
84287
45345
51190
61954
72030
97868
62095
68071
21668
16974
92236
46058
72139
73746
65107
27553
37271
24055
32038
16050
58222
43444
51507
67936
44207
53517
13828
66639
88735
32892
16637
98177
51655
99973
27624
21222
79400
69229
36978
54883
67978
82960
54531
39642
74406
23305
75490
71031
13235
66912
82777
86223
75930
17163
46088
44313
19758
96561
32813
82309
76685
64567
95873
86273
1906
20610
35816
85179
60639
44957
76598
14877
69849
32117
61255
91756
69949
96679
79192
39264
74375
29345
93709
21970
83772
16456
83246
41680
84515
74751
81397
99886
5844
87784
94422
5671
91679
36452
29996
38219
36183
79772
11748
23642
40280
67166
16374
26285
30652
17555
35764
34098
83213
82676
5220
68500
56862
28396
6603
67118
88893
93046
37751
55095
50020
78962
69502
69670
42399
13494
22447
94193
91662
70138
55901
94689
13924
68249
24906
37707
80190
81439
33860
83115
18040
198
46965
69128
78570
44489
67492
97331
42574
43997
61648
61387
13524
30266
80782
54285
79557
77268
28435
48384
12332
31746
58504
99129
28789
8353
91782
50132
83733
76767
62885
91048
69125
30659
72501
46582
46452
93280
21496
54219
17312
69242
86763
70138
93752
51208
68091
84813
39627
32375
76181
22162
33336
18344
89488
45180
22546
93678
12080
34474
95022
16766
59392
59790
51714
33656
87866
18570
23481
62554
7819
72301
98356
41278
61014
11394
3710
48477
95623
55502
85979
13476
41429
22083
27045
63280
10086
10706
4414
29135
72949
31956
84305
19568
81453
20622
15235
10709
65705
48516
9848
89481
77703
97465
5892
79984
64095
94772
77736
94243
83923
69455
82856
88846
20760
66073
75561
74770
20857
23320
72789
64162
8266
34186
82719
70858
81020
81415
67848
19122
79044
11669
15324
32623
80152
5645
53491
40781
28175
17154
97613
27851
45207
48627
14116
87268
4783
11345
23443
46664
65915
13932
56219
86231
70291
61357
19372
25297
7151
37345
73176
60615
54845
70953
46372
65542
85669
11888
89424
85350
60207
80167
85665
38856
98298
49536
59140
16080
59459
26935
95761
53769
12524
97441
94586
17657
32105
92363
23671
12425
5562
88224
1212
73875
45200
62023
66529
1235
82300
33069
39748
98365
78370
17699
69669
77364
63541
89838
79393
74189
34940
81799
57593
53790
30448
70566
53157
40595
80078
90098
48795
99000
13980
28385
38731
89248
27022
41081
78488
41025
39718
37454
92470
82739
30578
15226
86615
4406
78464
26387
35416
52014
82670
85382
64434
42480
64302
71027
38377
15788
87909
41448
27036
50012
88727
859
5778
46123
6492
88787
73379
84869
75318
4094
55976
50102
46105
88397
35070
33760
67944
76618
8927
69944
93528
5116
63610
18137
35269
63205
3155
52297
32248
56313
89458
17785
2829
22410
92567
73475
15885
27052
79048
5146
99786
12401
31393
69935
73122
1850
54097
87086
51785
88508
18542
29152
799
59525
4200
18365
93063
28725
92539
29771
1852
29779
192
25306
4640
46549
58649
88053
63410
92186
82948
46205
65496
90490
50103
80692
70797
73450
90442
49958
55001
96954
81741
44349
27312
42116
66331
50520
27439
93258
9947
89292
95233
33902
13474
40661
69871
64609
18153
19251
77125
51126
16568
86180
93888
83442
44881
97873
17555
94431
72073
7072
99459
5776
74195
29846
14283
99266
56241
5979
74167
29973
93353
6305
64681
58863
73140
69988
99945
33267
35486
81360
64696
29861
22949
13505
41983
7607
17356
82248
47202
59353
86364
58479
65994
57627
45287
81594
40337
40211
19483
39375
76870
3388
75783
85249
57755
44238
25789
66270
68374
40896
73008
67283
54624
85890
9292
98582
14803
92602
18804
50010
99762
48814
43869
23188
24931
5395
25262
98844
61660
41864
9233
88527
57283
10380
29158
16153
71253
71491
69503
37326
74527
47934
12433
92911
8827
24040
82625
20753
90456
52996
7677
92725
93842
9072
52551
38211
36126
94687
24346
9255
24022
77299
69821
34898
67166
97504
13157
63847
84670
88226
99830
77614
70393
28086
25408
85168
15726
56801
77318
76908
62342
18410
94820
24640
11015
51252
5177
80196
21251
75822
67687
11928
87231
16941
32642
13015
24863
56782
5511
35479
92257
93198
43248
29326
31778
62887
569
20135
98690
63905
497
38074
59817
93132
61864
81778
84991
76438
32721
96494
74615
16479
63981
51896
23058
62108
81272
42933
93194
23593
35193
18503
87741
21513
86190
83189
99015
17419
54351
23801
69993
92162
68705
53472
95360
30594
87188
42486
31564
79406
34529
88812
53993
6914
3258
51232
73003
60485
34970
19164
54932
94047
81379
14086
29732
83355
21823
32716
47402
87988
23874
3581
36942
66133
91666
80989
41284
55535
31666
59459
85694
98777
28386
29607
98348
11457
23935
2223
23440
64803
47844
55879
98911
91073
63151
68540
66978
90605
61022
1367
58250
58695
81759
20463
14056
38846
11635
67675
54655
25988
58433
53578
39839
16332
49349
18299
52553
16431
76872
36697
78941
48023
37544
1027
59345
28165
2982
4414
30559
62101
82439
26125
79953
53439
6903
91017
83875
65780
29607
44792
72055
97449
98718
1796
43700
77486
36682
12046
54008
92260
34033
45267
4787
4139
20005
34247
85311
31379
33588
38016
28805
76729
11946
10259
96169
61925
70870
2519
62756
96182
41177
30301
53183
65261
80340
87900
77836
69772
5928
22063
88124
7719
28715
57055
79767
29216
82672
86741
64366
13010
54993
81595
16954
74597
46624
69464
16508
54422
57021
63362
7591
37309
64201
85264
1538
30988
7498
91138
2381
96822
2353
79753
74428
64256
78871
71898
6707
55764
2095
13701
63010
94874
28244
13074
27111
92355
44529
66556
14185
17240
5342
70503
74012
5434
91971
19041
52807
46175
89744
28347
86269
79338
99847
67926
88090
57333
7517
76939
93118
46676
80677
59469
19871
56538
4949
16800
13435
37487
44474
98792
25340
43763
6348
21826
93183
69177
87289
18367
83202
94509
55574
67313
69616
25900
70921
8119
83043
43826
71846
77257
58320
96040
80598
9218
55251
72397
66786
26351
22024
23885
81145
55031
517
22920
36859
44725
26300
92864
50156
64670
28767
68967
26300
71739
5669
50520
6837
38387
44791
28878
81436
37418
16984
72434
86405
81306
93028
73648
8274
54735
63349
16700
83496
84270
39060
61809
74789
25096
12166
26839
44201
9606
4932
72775
86916
1942
44078
67857
95816
89053
16743
32634
5390
27836
66364
87548
17062
6265
1691
19870
88492
46046
36563
91682
89114
74951
5220
6106
75353
89225
41599
80894
78057
40940
27970
80038
77205
87122
32790
69753
24642
51224
70564
99848
48042
20099
61649
40674
25511
56996
85162
50434
57403
91113
50838
34102
40727
62760
34759
46746
29662
32916
29697
39029
27363
17536
53744
117
3666
52089
16054
66018
40569
65278
55130
51633
79208
7431
73201
69274
65561
39684
29901
63377
24690
11847
40434
96545
58897
39902
63409
23319
39067
12036
7954
45605
95377
7675
73441
36566
45950
65896
89808
45019
40669
67998
56561
49040
23532
69112
66443
89934
1684
40341
85145
88088
48365
25405
1512
65645
23481
54437
92323
43688
29726
63351
32488
37664
33185
6434
20449
56182
14632
7109
55800
77804
30049
32926
19257
83650
30176
2477
22256
16501
41783
89259
59977
5754
26737
24989
98503
72572
18260
1757
45573
85586
86440
23615
70181
63391
34599
73999
59778
79528
96717
63009
42735
85961
12673
16540
7149
52260
94452
3505
58706
27781
28232
57891
29902
62140
55995
77481
25152
22520
80825
75465
85423
56493
52597
59292
4633
4473
73141
28511
30239
6894
7094
89200
25284
25886
42771
92939
17489
4027
14124
86984
4445
60878
44117
18339
63823
57776
24066
79103
67855
35594
7792
62800
80663
86357
26522
2392
94008
58405
91728
43074
71601
81476
73654
24160
60340
58058
6321
77524
91304
73618
7205
29355
29856
83456
7387
67279
94123
44002
90563
28521
95092
4573
4242
77777
97380
84027
78580
3299
15697
27418
32674
25358
26836
11529
95461
85580
65870
63669
41549
27817
54144
17682
88466
67909
66729
89848
72119
94999
50614
9279
33661
72938
11466
88627
1485
56289
22052
96832
15417
36230
56370
67400
33950
91334
16723
12311
99749
32711
38514
70821
40099
38023
53893
27560
4031
9691
2392
52192
25442
3786
47426
85477
98672
38583
83194
24380
65023
17619
47713
20112
28906
22512
20078
54857
81735
27973
15982
61661
41714
84463
47357
21254
34235
7105
59270
6357
37803
64834
14946
11573
9483
14502
13292
91194
1107
12688
47551
52714
19763
33097
42507
60527
42441
82865
10434
80175
52529
46077
13604
72396
97524
50452
98921
60036
70320
34361
83478
63910
23187
30462
4488
59608
72685
72937
21171
58739
9751
45885
88456
63759
43624
35397
88206
68117
38967
76721
61960
45474
38843
61212
29583
35729
53332
25665
61946
71066
67366
41850
68951
54028
9845
7645
77670
61072
55192
32240
90676
66294
10112
34804
50526
25782
82001
242
12177
69190
38857
80306
54723
34412
20383
69436
58326
64312
14069
39942
57476
15838
19533
90281
99810
53666
49731
38790
49665
75612
17820
28135
47084
24007
23877
94794
77827
36940
59583
12490
91078
57419
47180
98236
67756
18842
91207
28004
12318
84104
94806
80304
33683
12192
83934
66031
1085
17751
74761
43654
37165
77591
8257
41011
92883
26070
75412
89443
21200
41611
71910
41812
15407
30952
32535
67028
85840
3616
17057
43425
55669
29817
2298
94235
50480
60078
96665
36913
78581
16317
92490
22360
83991
72099
7586
9955
12886
57532
37060
35758
89361
44233
77545
43528
76275
90222
94192
82828
82039
22651
56640
88779
50678
29033
80122
70848
32190
76498
41655
16199
4356
85309
69300
48590
22973
13565
41595
67227
82720
42269
34371
12981
47004
61703
26571
20068
26122
5736
3615
18804
86616
61372
32585
49921
50646
61522
59292
68289
65256
86885
88630
85615
71968
40662
6312
10139
91193
11562
73852
2673
62674
8855
4101
30092
41019
34615
31927
50336
15940
8432
26927
15672
20675
52822
48272
56900
88180
96880
51512
86539
27996
27666
88964
43152
59055
70620
20005
1378
57900
16337
74343
26921
71133
47305
80621
78832
18155
72078
34351
57620
43392
33708
95351
20558
35752
42657
87633
92463
56268
59790
2816
98509
92295
71952
45089
81695
21868
50576
30701
5983
27362
43440
81276
62712
14278
62214
14101
8937
61445
50022
99600
31419
85863
53345
59051
70661
13272
61839
7041
68636
74514
56689
65484
17481
10318
28659
72281
61734
53723
87596
10974
48229
62738
13080
72191
32083
84543
29520
40405
36755
26575
25068
65510
65654
97412
16271
8873
79690
61418
16691
97991
34039
48566
14472
38135
78860
45859
56835
23685
40788
65387
81577
71022
618
27693
21415
18137
9219
36473
82627
87629
84688
95677
16071
24
40506
73685
77946
78444
70475
77451
50478
54559
54760
29737
34991
2644
10237
27985
70657
17721
46237
91946
36528
19607
27717
22924
97150
70435
58790
38330
9385
21474
52870
40528
5425
67271
53325
94835
90286
489
7317
9635
14976
37484
36489
80794
12775
32767
9375
18676
14367
36141
37946
36504
25424
92723
61573
4729
85535
90070
57970
66547
33123
70374
31152
32546
1629
54417
52975
23983
72121
23227
32782
16063
71409
88147
45362
81761
46647
6348
69122
91361
41672
53554
19936
62105
51733
63401
61757
51603
33141
16634
25234
37476
80610
13003
72355
86369
27532
64946
99570
33317
1100
63617
8840
45289
60434
75773
36523
56994
68867
51402
99361
43562
26943
91914
63860
59839
52902
57266
73389
51244
6433
1509
82980
85013
534
96421
44321
14359
28977
65731
26948
21326
79264
49067
95713
18549
32409
65288
13883
33547
14002
47330
85559
89930
64240
87782
38541
46282
64532
33289
22837
62953
419
19266
19175
91066
17168
41032
28326
19663
94862
16719
86658
75903
96360
66805
65077
35500
78041
45631
38626
3663
87676
84109
67572
63138
49485
85355
48522
46045
52363
95718
40986
16786
92146
78594
53662
4602
37941
36209
75324
57268
41594
44608
1118
41178
66756
31634
54960
5102
7123
8266
67170
83719
66939
76815
43618
32509
63387
51205
9995
37130
20304
31771
203
52206
10011
86822
4308
73595
25524
46349
6463
19276
76407
66127
6099
10008
75257
68350
92105
90851
7241
49343
56160
80755
63958
54052
96526
88706
3194
19322
90773
21545
50766
84344
76851
66667
97956
36850
55129
38310
87745
24240
13195
88056
65805
13796
81949
79790
19387
11251
13463
44705
19238
28667
90307
11477
95762
68282
53607
56790
60460
27829
76273
30576
40197
3103
24893
82611
91552
76051
31674
39413
34921
1156
49070
18958
89658
46167
43725
54569
26501
39578
60352
84370
41715
58437
77346
8609
78335
73810
75677
69558
90196
32357
13104
87345
47842
91853
60094
83000
75979
45213
94010
15640
85248
95880
62161
32838
20153
2625
26303
77493
27362
28089
55894
68159
93630
1296
9042
8596
91273
3095
42643
36797
5596
82313
75798
86865
22733
39138
54820
71953
65441
17862
27322
27791
53914
61280
2271
26406
72067
25933
78039
44155
63920
48545
66441
75254
12878
50508
52604
88192
92128
58785
26063
7701
93736
39632
98746
30762
8279
2833
24577
88202
67013
20713
85140
20705
30158
98793
59871
70372
35380
61235
97356
22714
64491
35042
14623
45197
5986
67618
20310
7197
59006
52789
29011
17419
23527
96227
77698
87490
3213
16094
98880
36413
68711
88698
93739
89152
6508
70782
24595
72729
74348
19169
97163
75032
34894
83563
94943
16961
77236
40115
51343
36354
3499
14601
93734
82900
30007
35068
88602
54224
49039
64700
88031
71297
87623
51389
55547
8489
17847
94746
86474
31735
80699
61266
87999
78512
52502
70677
25516
73755
25195
31528
39909
70337
42780
19510
76480
33002
33666
58321
76321
11449
20327
4628
25081
24293
38846
61703
40144
12492
75270
94336
98072
14737
43897
15340
63416
11368
42010
68283
97182
44898
41769
93320
63293
68288
81566
43757
94092
40653
33697
51514
53313
73281
15617
25894
18116
80394
19464
85194
30627
73500
77168
43170
37019
66895
7105
34565
44893
97880
75445
75240
89873
46430
2026
74166
7635
66861
62499
49247
76386
72759
74149
28341
94898
18805
31498
4935
52537
94312
30330
90838
41491
38973
84620
49829
38167
97849
52522
36569
4059
18459
95179
5472
86654
92577
72041
3186
3818
71980
43063
36694
66703
77190
98022
18884
79939
71660
80320
24055
11737
46557
34998
17878
74518
84742
46578
47673
61306
40486
37421
16885
37930
16511
3580
13502
91609
96911
50659
74989
8120
93157
24557
26265
77227
12631
35499
96355
24360
57641
63135
8446
18869
35850
503
36377
77855
56283
55236
91098
81926
98712
45615
15655
58477
89127
61738
85093
47225
91335
89028
73359
43599
90796
46759
59584
43529
21576
43686
63289
48720
37340
7156
45595
89588
50575
81003
63295
28066
83952
72224
86746
75925
96667
32115
61471
94320
69375
77790
90025
97466
90472
15815
52002
27314
15029
24224
66918
19681
98768
89846
68626
85834
76674
62482
42431
4731
11964
83035
26579
20350
13705
89714
6083
21224
17542
7561
1027
66807
14473
71672
46319
60338
71173
89224
72729
8060
63847
44907
58667
19468
48543
16574
82403
79660
19222
20405
37037
62092
63813
62062
33514
30927
97407
35136
12329
9461
49308
47980
9031
19900
72887
26826
33459
68795
45704
71153
52771
80073
73315
9720
54891
88120
45815
13656
78190
45563
73436
71264
66511
52190
89820
14482
80034
39819
16137
92704
51521
18091
75220
11063
5003
27143
37272
96944
37333
19868
75540
43525
90831
95273
76903
71884
94526
58165
88454
44581
19800
55585
95188
89564
71735
13352
46583
38823
90157
90556
77916
37643
13884
96514
44085
20092
8625
93657
78130
12424
33712
38155
12352
57720
61688
52581
97709
44232
54413
10991
87273
33399
1854
54472
55550
63356
25436
81474
83191
80326
22064
6702
64271
40173
2841
32190
52093
73512
87628
7117
74713
47804
73122
68055
42838
62516
81297
14864
16261
51108
2156
56225
38880
11795
9959
82016
59694
21009
39188
25812
56183
86780
73953
74817
91259
10009
56509
86991
46965
7697
87386
19528
57532
7845
56533
38980
4722
31785
76506
90459
62036
65772
72932
23378
18903
97170
14789
14441
91670
24759
94787
78734
69717
292
96276
8680
4146
3312
63762
93226
97915
17591
96589
7636
43812
83495
76641
53395
95906
98838
38582
65529
19810
66334
63211
87728
45470
35129
49788
38971
36558
97817
53655
13786
31969
34376
42739
90702
48132
18470
37643
98750
94020
33869
24633
2092
41567
38439
99633
87233
95245
54913
82127
500
32878
86688
37214
48898
73175
70848
19118
3935
14278
1622
53554
51928
85507
22931
18534
59226
45380
7350
5577
72158
11835
35511
21240
17562
81571
6073
69275
92513
52083
42798
60467
38754
78534
94959
46823
14661
98079
27066
78824
84597
9405
83689
29849
95084
40978
83537
56747
73473
64467
27868
408
77161
62466
36794
93741
43305
47241
24817
96844
89186
51608
77781
10133
71374
4587
7792
2625
13286
67048
59885
35737
15972
34745
18753
26480
74035
16832
96039
94047
72152
94355
44006
77173
34252
76077
47756
32089
64416
21140
68803
68761
3150
63867
13805
41367
82186
33815
57613
73925
2099
51855
29073
41379
91850
46304
81663
70228
93596
89315
39449
4871
35879
71211
81428
43007
80521
61109
62194
60111
6302
27915
35779
42051
22728
94692
5720
92512
18378
62886
78871
26850
79787
50580
36990
84180
61445
34325
57205
73425
73506
98281
12505
98947
63963
37610
14523
37051
6936
43199
7370
80916
71599
21821
35220
26214
27058
93698
91454
97121
53467
98540
13651
35528
793
51973
71058
32414
1210
59764
90473
13607
48179
6102
3119
70653
8005
62388
84342
93254
63021
29246
69411
68512
86911
14273
35876
15679
16424
91019
41812
76258
58191
58673
15293
95729
11754
40619
32641
63809
56245
5961
5647
53582
41229
17166
4920
14000
95640
46521
31618
69382
62714
25469
72331
90895
46860
70371
59737
96304
39280
66168
21412
51898
52121
98603
82076
52064
78328
36847
84126
28362
58942
68856
45899
14220
55917
48539
56401
26190
4765
12373
56892
31680
35324
39837
84397
73702
74779
46746
95591
8836
55425
89709
6240
35791
56409
30341
69539
32192
29757
22806
93881
90483
63245
63188
63035
8585
4156
23171
54112
39263
35914
88790
69657
55076
35945
93385
19945
71630
39082
25556
37035
21949
64872
23225
44836
73533
5323
55322
57332
47651
91190
58414
86604
82639
46387
7970
94920
17617
86043
33715
54170
50149
78937
53519
77851
2702
69425
94078
12149
33458
96402
68698
26654
57721
14241
78640
13134
98529
63068
73582
8812
18239
19483
13647
50902
6202
60926
26794
81206
49361
95843
22081
35306
8120
63448
89538
63731
58462
41028
2351
39100
22058
12708
69134
49528
91450
67742
18327
90764
88628
57780
65121
28458
86711
36324
67427
31254
58563
60889
82701
13185
38359
88559
28983
70361
63379
58206
26927
35413
9407
33392
91078
58353
50725
20161
58149
77505
47813
35642
92707
19927
36161
75145
51623
88093
65814
4137
13759
97187
53179
84786
44021
80463
74251
73648
62924
59095
73227
30656
67264
54595
45980
5416
33420
31769
58988
69776
28027
9658
97433
17669
46783
17755
20646
97337
40186
84842
16973
53179
19153
12630
17301
71590
39122
52986
84728
5260
90789
36770
250
44399
53184
46247
66917
34094
51664
2937
27633
17606
40179
10069
57817
22090
74394
12997
63279
31135
50467
90967
35445
86841
30031
94858
17963
89864
92293
60096
38688
82481
83350
27714
49024
99929
26759
11754
99806
90163
32680
78002
99118
16545
49017
28948
64577
57769
58801
69110
91824
1316
55425
49056
63884
98508
38400
54960
26852
83290
57168
95135
42369
56143
11485
36855
50220
12022
93718
71073
4169
30805
8613
9268
24427
94425
94275
5946
39103
31064
75273
26632
91394
80680
61251
66725
16055
36536
48218
72751
96815
58469
2949
86929
29355
56459
38714
52110
35114
47366
68133
79771
13873
85995
38770
67844
31870
35142
40944
85864
40916
40137
62511
72550
99554
33970
58916
15978
10375
84710
31763
91532
64922
4511
62702
58100
88195
25509
50772
14493
24559
60528
89936
42986
77992
10744
90715
36741
98098
78192
25083
26709
33712
86826
69726
21457
53473
32531
77748
62433
36668
63932
41408
20540
49681
24477
5432
53407
84488
69702
75941
74925
46970
72863
55862
18656
95456
40242
70847
27017
62630
45891
88828
67417
8489
37940
47690
1200
16423
20977
5085
88330
65629
13370
41464
3423
92084
94474
39550
71421
23409
23620
53947
23283
21191
97973
89107
57012
38970
61697
43163
61465
26460
1830
40761
55312
76107
87250
65714
84370
94885
91343
89942
78763
25312
97750
55775
67276
80241
43838
12671
74255
93
7788
45838
95576
24005
5063
4363
2109
2187
862
89981
98799
3379
94903
85974
80116
72426
78611
18347
25318
55903
28129
222
86331
73529
91427
62738
18216
45055
64265
53456
66480
62717
34371
49610
4110
30061
73217
64743
17121
95439
53435
79846
27248
92334
71653
35160
67001
67669
85045
60688
1944
75372
97026
6556
88653
50069
22316
43415
63730
71472
11119
50559
73007
3480
75591
8289
81311
71537
79478
1214
25034
3381
848
62401
20567
73973
45281
13038
65289
25801
39257
29769
15248
3311
12282
33650
60316
16918
97354
33981
8533
83146
81249
9430
59442
81777
83734
39093
42601
90963
62188
51151
7564
45107
12484
47178
73413
87813
47865
15030
30268
90856
47683
38217
42398
33977
79619
77637
19860
58644
10311
21923
74204
95142
89718
1904
28767
52979
70581
17201
98643
53217
34999
27284
89997
23176
54001
44794
27582
4082
95095
91388
72887
81626
21532
58080
4423
64769
70685
36640
95267
3368
83346
58806
10696
92489
29061
97356
81858
62136
28517
81129
22831
6486
21718
68224
2744
30941
65511
28208
56119
30055
47460
54976
88891
98428
17530
21874
44833
56834
23961
73627
61066
40614
58171
96652
31095
70163
68929
73137
60100
79639
50623
26505
13583
9635
83249
61243
91474
28606
23847
43278
33543
85432
88917
16354
65207
83765
94137
15650
868
86376
86555
8022
7119
31677
83099
77793
60726
19061
87182
8938
53581
99218
57046
89534
29652
29442
71936
47652
63823
17178
82868
33934
21633
96397
63509
68018
68316
32035
59807
13614
4721
17937
63286
32996
56951
47759
76705
18791
86581
25347
18326
46857
24899
61357
89326
85220
8602
97664
81685
74279
74894
27408
14941
70922
62945
83333
6584
57488
73186
92316
63849
94168
16729
15153
78822
73683
46014
8181
60417
30024
5307
79381
24960
96262
79431
78471
4891
65561
21409
90746
26947
41624
30739
45103
63775
5842
4388
68150
58469
76008
33184
26586
51628
74428
46974
33106
16524
79726
36265
98592
29018
13685
48786
42650
57359
18140
45690
35948
60341
9829
58812
27932
9736
1203
56273
75259
67451
71459
95720
26413
99875
87106
27776
88747
28852
59107
17212
65520
18986
64598
81654
91212
45491
56494
22222
10999
64355
56822
29507
40773
80609
84268
6668
77712
56097
77772
32506
79938
18918
16049
36126
15119
75412
78787
9572
15231
30242
71309
61814
55349
36742
57977
7287
47478
17891
30700
81230
12654
90799
85320
6463
74702
88121
57250
89558
97324
47081
34693
15663
78280
96747
1318
51947
29884
44360
67300
66260
1663
17059
12085
55455
67720
60237
97481
50427
88712
53457
65064
96997
84457
50602
38432
18809
12177
60514
96733
16362
58571
10688
85651
78393
77322
44488
26527
38910
63733
66708
40865
56598
48185
4286
39851
20135
71631
29205
76554
67707
79770
86164
84041
80220
76370
5722
73812
35634
70959
62625
44000
76421
15808
3268
89150
4588
51337
34065
56516
74639
61311
65767
42476
85640
2005
28858
48270
96642
15808
1375
42748
95335
3273
12301
96198
48027
86639
63908
86150
58196
76890
3254
85202
84796
26942
91743
21656
22168
78346
19127
2663
95754
91583
65833
23995
36678
72205
67568
50664
91842
17555
61293
8603
62110
51875
39161
42377
76316
310
79377
2818
97453
71166
86640
89015
67009
47672
13808
55796
52234
55651
70676
31959
13507
96407
77344
60777
17224
1624
67931
90531
12695
70321
99825
40676
47249
14048
12768
22026
95554
67920
10212
73646
48807
19766
13218
49537
99720
92840
5125
29727
92346
56170
82386
32744
1583
54590
48917
593
56413
23935
81458
19623
97469
66597
67117
40593
23563
4050
518
71239
30498
20117
37936
85924
83395
37660
778
76224
12423
14106
52747
85111
15839
83074
97012
23329
94296
18752
25343
55958
24576
3646
44510
19052
68641
67469
582
80127
42958
95090
29501
72249
44104
99972
49657
26134
66075
7962
58287
1982
85680
26838
36888
42124
49095
64216
87944
77792
5903
74885
82748
52240
54298
58156
7754
10461
69470
78403
22938
81423
30113
78306
727
70996
5451
4119
95900
72059
57098
30317
30652
29378
23173
45774
83252
19239
8706
67284
81097
22573
83269
17365
66650
36386
78599
87525
18347
43519
68791
3030
20170
82976
21444
46184
67592
2301
92665
26285
76125
77445
27818
55697
56343
64299
1626
75023
86786
66472
28725
14857
25997
83811
59352
97702
33142
41496
59849
98240
77102
8940
23339
63368
38796
5451
65579
44716
47768
94739
15567
33331
12533
92466
2745
99926
35253
90027
96229
31881
43081
59708
93264
21659
93099
31340
54501
73277
11210
87400
66866
70629
31140
20630
48529
55718
12067
3991
52646
44646
98583
18825
25869
43806
25204
12946
91805
70994
24978
26694
27473
70947
80276
18730
76770
95620
38476
26350
89348
50119
7650
4092
28806
13063
45299
72981
16820
15030
55261
45764
46151
87220
76393
24673
37501
20293
15456
41321
81456
36655
33715
8533
93304
16190
61749
70846
93760
91672
22373
21632
33634
19046
33879
2066
75723
37276
32768
32215
52570
52290
73089
44317
48654
50727
19739
50497
78295
24940
17548
62453
13951
52961
96260
41019
94785
69665
65896
68779
34095
75837
16261
13390
88502
14596
60404
35803
64132
82080
49502
51499
2584
28027
26716
49154
79231
72227
2747
54217
33750
57047
24098
81340
23134
2338
53267
15536
80683
42407
27676
65245
37293
35673
35322
87144
50135
98961
35181
55771
75997
93545
50780
18818
87417
38116
86439
55760
18650
24400
97437
54236
9558
50751
34941
57425
49862
16526
31199
30255
22902
59803
13546
70453
26902
91486
27998
48548
25410
32260
50524
53266
48698
38207
47313
14913
12693
71888
21610
2377
46409
61986
35026
11533
73932
21006
86043
18755
89386
20856
1107
7325
45510
10248
11629
9694
38354
16691
40913
94194
37238
39116
12361
29932
76462
8790
2568
39283
45100
64982
72152
66825
64667
41962
28630
14118
71280
42408
13694
91548
954
51580
263
59542
11711
99975
13745
44688
3092
68823
59333
84766
9874
90307
53753
10077
40913
91814
99148
67729
3411
8840
96701
19487
27962
30534
18316
55508
54659
70120
15143
86181
77784
83000
27252
2188
1331
20056
50575
94664
86871
34474
12751
91023
91140
89839
32126
26907
35456
1227
64843
56175
71589
68859
93170
7220
42150
79183
79538
94341
89411
64595
61337
81352
7207
99606
9436
5442
72010
86663
18234
67417
42351
87292
76902
36721
40607
24206
43857
45444
70589
30194
83921
50425
661
93970
63482
4889
81203
15609
26033
40495
47217
61259
26690
71252
77706
26632
45559
82668
6744
36955
52331
65908
28277
1334
84255
30939
91357
73448
67140
30353
98316
14997
60882
34810
1106
49079
13803
44352
95400
5943
48343
91566
24513
79838
38995
82251
589
86577
15831
36043
78056
42890
36659
24841
83077
98477
27410
15057
49755
5314
4494
48421
24947
39579
77049
49981
32708
39954
75515
95395
14317
89569
31650
83720
73683
83523
40343
13225
78
16216
96272
70652
53328
22401
22986
7034
49940
49556
56144
9864
29640
38828
93269
58867
28172
78865
60433
20992
42915
80080
53140
39675
98867
70444
78190
78677
53075
41065
74667
34406
12543
38732
6722
18597
86634
91413
43459
84147
38961
65528
67915
35543
25624
817
26701
9581
10728
46225
42649
77748
21342
32020
71150
35870
5852
87558
47225
612
33917
97810
94470
991
32284
86223
1720
38171
13395
41606
59682
89133
50847
12415
71258
91809
97247
37872
70540
73670
75670
34775
86768
86170
72114
39456
69113
16808
9467
41603
37523
139
85997
20220
57209
3942
70650
53074
57393
24727
18130
17100
77327
63601
14804
54950
99467
81448
97004
15464
24953
69821
50864
72965
99029
5102
42932
25054
89273
42949
14916
13889
59601
3278
24031
7205
26099
46162
67444
78643
29953
36784
72696
92195
82298
21456
37716
18007
52221
83187
22939
53187
22586
52095
20639
25766
1939
19389
30507
13731
88942
17077
89726
91621
76973
60343
75664
82719
64565
99274
41113
55751
5666
91083
14358
49049
41437
31671
46795
94943
73321
86814
10295
7270
80922
51804
23306
53159
78381
68069
69864
94848
86444
87304
18861
64989
71435
95148
39602
8175
71477
68683
45237
17058
18418
40509
41176
22118
87010
39484
80432
17628
32166
82067
41028
30972
69716
53218
84804
43856
43209
21931
8139
21213
3662
74967
24688
42356
95199
55570
27742
70074
34514
1257
4921
80383
22269
2047
51445
24414
99163
53186
79836
65799
7890
66797
24795
50472
78560
70978
87249
99387
60065
90412
33068
63803
8755
15287
26353
13120
83406
67738
64046
44603
73525
33173
49203
88059
84302
14809
45103
50983
46006
3437
28795
33490
45932
68813
17226
96396
3364
62930
43445
46318
45028
26733
70675
53324
55698
43916
94699
7633
32420
71747
44639
53482
13881
61052
17077
61413
38619
40523
73149
95104
73950
90181
91844
39107
92856
99701
88659
81944
33302
60657
76486
65589
52705
30082
46913
84594
69100
67107
36381
62806
52625
53151
82912
17871
27442
71849
58575
62922
65908
24571
33398
46474
72283
1136
23077
98417
81329
74599
44128
10431
85693
91515
70101
40594
92708
2393
92588
10368
62608
68299
79676
47901
44307
3301
19610
73601
69635
63079
39469
96402
69667
68486
560
36646
25309
34262
57766
212
74235
78170
28840
64137
86833
19141
40084
60923
45991
33507
17739
57346
88218
73519
83196
42320
62739
52814
39557
85090
52786
48861
61791
4336
81100
78348
94471
55762
38160
98039
64369
17231
16795
86238
57585
4806
62390
36207
63726
17401
64883
40485
2293
19345
69710
563
80073
94690
49678
94995
90064
45302
68530
72977
55528
22934
31478
90805
22515
7728
21679
1319
61991
33343
22863
37591
25659
14918
86048
23468
53817
70153
1042
68476
69651
41680
22775
76861
63701
71975
56333
86986
89920
74085
32963
84232
60831
71627
9385
57933
83110
72491
24878
69584
39360
33700
1054
94234
33039
62166
49180
90871
59406
35833
83747
36389
14362
37533
40387
10327
11231
46910
74748
95988
89098
12360
96742
48117
63906
7093
19130
43734
71979
89026
2002
64075
90040
98295
15474
29761
82355
21098
68082
85418
87262
94882
92042
26425
33280
60977
79493
14384
1335
30812
46313
35186
70696
67103
54247
53298
49798
57762
85064
11557
87566
60567
48314
60597
2798
88347
20852
72392
46774
3669
28984
40785
46498
50297
11153
34403
13866
8301
86513
1337
57653
80388
99376
50662
13130
20924
57442
90922
49854
53678
82573
72857
87316
68730
39884
62115
67096
24152
11209
22261
21857
49400
6530
89172
14743
92699
57857
59961
71583
56782
65065
4811
92696
47108
72487
97210
29876
19390
4512
92371
9991
76301
32771
43186
48275
1465
50596
33148
25438
62841
69499
44313
3306
38651
33232
55663
23926
64975
3362
58282
35295
49808
52300
11835
19353
74161
57420
36786
88712
4827
58513
25924
44542
72363
31389
54522
9086
99530
35505
23277
44705
12180
304
27288
31252
50142
66467
85699
53895
49309
46456
58906
68559
85214
95284
47553
47380
29845
38143
8115
52817
82173
8640
90090
66389
6591
84216
23076
94207
21078
77325
78364
25356
29387
98348
60288
28342
27371
57059
34913
85147
16919
98541
65041
636
88056
59109
49811
46002
12514
98464
34578
66669
7858
96834
99342
46960
72620
90892
29115
32690
68417
59103
85824
40023
8563
1363
75711
84007
9762
92158
60796
5085
13554
78512
79738
79301
75732
98169
83083
98289
33447
97563
93674
20707
45886
76845
99465
67297
77266
58109
9984
28434
81655
1541
23050
10815
87367
34921
53848
74083
94840
43575
58609
81391
7562
24110
57022
63147
87066
26447
54694
53327
29781
6797
19936
3507
25731
76268
62335
16182
48179
79770
16571
40754
37006
37392
54374
45743
30256
69630
715
25036
61799
80189
17155
27190
79712
60964
52475
66007
7183
58552
96014
93280
76245
19435
40474
42096
33678
88989
50660
81478
82764
65550
43770
90018
71665
54515
78560
665
42627
95426
56016
53758
41791
19444
12524
35357
75038
82402
15949
75999
59197
87850
57670
84685
35377
49096
73653
51803
35240
29563
86526
33301
67026
64887
80285
20163
48336
24080
17391
17572
14967
80875
20479
65006
75773
17916
24047
68810
26999
25884
91995
2293
22759
64615
78362
72143
39211
5709
99588
56206
94025
21044
38611
85988
50523
14153
15558
34234
13031
51756
86872
122
90107
43971
81346
82243
89825
29861
86509
46875
2227
63192
2402
4055
19101
1044
96442
9492
35463
18815
79659
7306
88013
31513
80936
64370
56722
67155
82637
31331
56075
56521
74647
29577
65586
36694
22577
58723
43316
35480
16763
53094
28544
21792
37145
22353
53166
78172
95235
44765
48046
96957
53459
22033
70014
82753
50231
21853
49337
30972
40918
34443
17343
29164
49634
61899
68495
70590
93958
96475
64637
58291
31069
93403
34643
81024
74315
40010
64770
75110
99909
51195
80725
9853
55939
52346
21382
46600
47569
31459
21387
92976
8431
67783
31595
67312
90113
88325
75378
83092
91193
97040
27621
99327
6264
52321
71983
41023
36798
35295
14774
37312
79906
3595
54415
59066
21157
95997
91227
7000
64358
65447
68172
88431
5919
96447
2941
31945
33214
79175
13328
16476
87171
13178
42510
40089
48273
46290
67415
89554
71265
98458
89747
25072
74247
90039
32533
96710
72422
92810
70262
23399
49276
18134
97443
93331
36309
15252
82875
64069
60379
67154
64109
88933
23956
96753
26289
70582
68238
8497
71768
36730
90191
19800
74829
69064
95752
18810
78576
64925
62002
90519
97385
50341
94217
78522
20074
43209
5269
73828
49410
93973
23921
15455
25560
95380
63926
39554
10946
857
93949
40224
28729
54067
14948
95350
49026
45647
54018
80775
40322
89525
27204
33088
30870
29559
51211
86819
1217
7222
75599
66914
69277
78258
63127
19192
79005
39258
39023
20398
44684
10638
59223
96585
72985
64266
17840
81172
34733
71106
44952
6932
56073
48454
55254
28056
1487
37618
69918
52960
44786
62745
60702
41090
67177
53941
62393
53360
27637
81601
53310
8924
73750
9775
33754
38996
90065
96720
45949
62291
2447
84769
36901
13359
78339
69781
95745
19122
28226
2128
89219
73334
57269
22276
36118
79050
30301
15684
66591
2597
53556
20245
5462
40303
13327
47923
73562
498
16373
25221
76731
47743
3242
18756
57726
92721
83325
79916
35753
88582
6221
7333
67991
94506
41487
55952
22996
61057
83253
20988
44243
86606
25843
78620
94166
34226
81862
2547
71891
14579
51024
64771
95202
46816
52801
24463
83366
13961
6421
24194
79629
72171
99443
1500
54120
79519
91966
17302
51622
73118
81424
22543
69574
14333
81073
14505
69364
54350
59254
23359
232
85363
54296
7897
56647
68811
84477
92706
6793
84436
20539
30396
80945
8600
6722
79613
24032
85899
685
1662
53590
50484
95805
31341
1629
78463
14116
4228
8959
92516
35160
86892
43119
23201
23904
14553
60850
41332
44006
27851
12715
73950
97147
38950
51989
66982
33737
27544
57687
52865
75908
92007
60645
10448
65239
72116
92868
30731
58373
71318
59082
34656
43595
15735
34735
34145
58324
91649
46835
81570
28460
34406
86813
39540
27296
23908
25851
58391
10523
83599
37371
62393
9377
37028
58172
21277
52059
578
18272
25302
4066
39840
88701
14765
3167
47567
91150
64648
56690
91876
83415
34332
14645
72116
87613
1169
27002
7777
20603
88378
36478
27653
72425
76462
5937
23385
49403
64693
86263
99330
67025
21050
14083
79110
51192
73074
97334
34800
24292
28115
9205
56782
11520
25056
70211
3166
81076
9273
32332
24783
59446
35225
18599
76799
42767
63875
18386
34331
37398
45326
48127
6893
9066
36663
53909
62609
30800
60257
35444
92051
49149
99122
57528
10688
89559
61031
76509
32725
22669
46051
85512
63685
89908
2918
97457
19423
87899
31946
4720
21925
66458
17511
93971
44327
63103
70505
5501
18121
1500
96325
10652
76273
18501
36026
60033
98162
60222
88531
60535
70508
46099
45311
21242
3766
93317
46336
21008
93224
51114
7131
4699
48435
95306
32416
6425
29304
43589
15111
31901
74832
66709
22311
58920
50380
99155
87915
59225
46575
1267
82917
12323
46800
27817
70469
99451
26690
12085
46413
53424
25193
56806
31204
60665
1335
84879
409
2204
77263
42246
35048
14074
23232
37893
204
85615
12191
36218
32851
60773
33305
23275
50664
29067
96800
21055
78600
73756
96869
51014
62000
22790
99496
88537
54220
37234
90656
28223
20147
74130
85234
51639
37556
61249
44317
13417
14281
24050
96508
64960
57941
68538
90376
91993
63722
37532
41397
77141
27102
86287
77192
70818
86163
49435
22410
51507
33776
83620
77618
44031
54418
87019
4730
60736
47147
58102
69458
54426
55166
71336
21194
92985
97903
15248
56299
46812
70599
21111
15601
82175
19733
64621
30731
13224
98306
70831
69830
20167
84074
94747
64659
99825
48527
98659
31457
17516
92547
57941
2574
76900
15587
52669
85516
86354
91726
33797
16527
72582
53270
51905
68221
8276
27741
84402
58422
70413
19751
15428
42377
95324
81282
93818
40014
38208
63224
95494
5247
42406
62778
61630
98334
11231
98929
83478
19025
72337
83790
11482
6691
94358
88625
63770
15438
66902
17445
6160
67246
90026
21258
81280
14275
89409
78613
84310
34625
31224
96918
80171
7976
79573
28339
27142
74930
1932
10539
57926
83922
12195
50259
7129
18291
7580
19716
72606
98206
9636
14226
78066
69956
17476
88076
64237
17430
65490
37730
93651
73415
79956
56247
67673
18091
82323
83095
43271
24682
89175
61299
93184
48329
21350
35944
61948
23746
95084
14908
18677
85588
55249
54321
24383
43806
81850
38608
54209
71422
32111
43879
50326
80696
77923
82509
48919
12266
86159
17953
49549
56233
90168
77574
11789
73106
61625
59014
23569
95782
93425
50556
45753
50694
39968
34364
47976
64064
94372
70987
25744
39451
61435
90870
1748
50689
82635
29129
11568
59359
22746
90437
70593
7059
6975
25127
80891
34867
52292
48726
61806
93219
58992
12820
69298
82160
13415
62289
51646
31036
73332
97630
48819
8593
34256
58523
73935
666
81082
754
28967
76379
17329
4749
78987
23825
82999
94988
30679
45081
58719
74078
14872
29998
95518
5856
29499
62303
56124
88471
83990
42675
20591
63206
48674
68445
68529
40627
20715
45689
50713
17948
52636
71423
95304
18523
48053
87092
68996
10616
93855
86197
89127
63153
40167
69199
63030
57035
76517
70345
50143
79340
65662
52576
31676
41589
86050
93115
53141
3748
83917
23031
91896
68400
63082
88004
64280
78245
10955
72326
89057
37057
54021
61883
93151
60499
88459
8568
11342
41876
87583
81229
37367
56174
29764
89203
63730
80673
27552
86390
85962
77597
7308
58898
45686
13254
70476
53419
31425
7219
829
92492
50408
27398
83837
15281
48141
23265
30548
82315
18333
81273
84936
55140
21095
85507
11534
84097
91751
79055
39291
16715
68052
4013
40259
27868
14114
95288
46333
48820
21466
30636
73256
43176
34481
50785
17516
6374
26733
59963
47456
3915
5262
94211
12448
80775
94086
77749
80946
80202
68740
25944
54961
48199
81758
53583
97009
32053
39816
97016
78994
9883
66108
85702
94348
39067
49946
69108
59240
24114
82430
27755
92553
19329
55749
94493
70250
52136
8564
66400
3663
32943
13098
81037
40178
20922
22740
39244
67711
48487
39930
78815
75427
38541
58783
83842
31148
33909
97873
48141
16815
72822
11580
97773
62636
82040
41841
71640
38698
55832
81410
18003
18321
22186
4423
14009
70311
51300
50647
26548
81766
77683
25671
54507
56379
22062
4003
73820
18709
12155
86632
45118
52401
6537
55221
71263
39598
86842
45478
33897
60152
17668
79414
68581
62204
14297
52772
77370
39478
62342
28160
45255
21347
70730
91191
32224
13739
68696
97920
8985
84556
7636
15803
72397
42842
57594
69351
37019
6246
33382
37808
49337
51386
38525
63178
41160
44214
61202
13969
2618
54556
31467
52763
46372
32487
31633
31559
34918
30657
68473
29161
51288
29492
12194
90479
9520
4027
9029
94661
31234
48809
8885
12232
86316
27470
79087
1500
36781
23216
89665
6643
2549
71261
45822
20480
96784
62489
92201
35253
68297
29648
26002
34101
89293
89391
87
84901
48847
80151
98509
77407
36270
75991
19368
29695
32589
77044
32920
31518
55695
2436
44989
33816
49376
89463
90629
91351
33462
59542
27363
69035
45373
99840
14163
21246
97575
11164
12211
18637
85826
59809
21937
22326
22200
66660
82717
28923
72085
80803
3758
81866
78925
72191
60017
52107
39361
21592
8166
43500
80942
38039
49967
21668
48909
56742
56870
32497
46954
12294
2156
27728
81387
73882
35472
59755
51671
13116
96896
9353
93233
22232
12227
91926
94938
68016
33037
74588
1736
69156
10561
58928
57456
24901
2521
3922
44027
8076
3021
28110
77392
48628
23440
35387
16800
84625
58519
30538
29714
81584
28529
29345
75060
3699
49473
32408
16174
58437
78355
54563
76676
26692
65119
94053
60088
87464
97844
81004
51702
18475
9127
72419
22857
17559
30757
45545
31891
24981
36829
76850
22803
74592
24593
61532
8747
24385
24667
37946
14491
36237
93231
98424
26468
88567
27953
88145
20673
45650
36919
4808
69159
27663
71230
31079
86530
41061
48292
35610
17100
69355
99165
36864
30087
89679
29601
66158
49071
62172
32588
29722
46887
11644
93165
33380
33756
69744
73519
39339
80447
577
46348
45596
22755
42223
5505
681
93333
80210
22029
76003
58071
23655
66918
57182
41157
80368
48212
79975
97768
30045
94697
42481
47994
29737
56077
16296
87563
20860
22236
36129
82836
66592
72730
60241
97503
93360
77722
25235
80678
49830
47976
56328
56009
77073
47155
46128
91626
67255
92984
98849
62918
24546
3014
72955
64835
24240
768
11790
39680
39236
34769
66018
11808
19665
58083
97875
96078
49805
76947
28798
79319
10193
22407
73983
57420
47773
39134
43802
91811
17516
54330
79517
38885
39777
86760
27018
72210
35091
19361
20567
53610
90922
16777
8953
67041
25975
57690
70712
56701
70194
22347
17503
64259
61822
73152
90402
35157
22530
85219
75718
36488
79996
99657
25020
4214
5071
39104
95170
63296
67015
65345
80449
99520
15730
96855
88497
1855
48497
87754
25318
7370
50978
45295
23628
44947
32594
93101
68218
88869
52545
17540
24661
74713
30089
20702
54683
70712
27713
52747
17165
4578
58945
18040
71245
62794
31426
60309
43598
64717
12682
36434
55739
92887
62869
96662
21129
24515
24001
82120
99533
64890
2424
49937
87704
47466
25446
97879
75518
33087
5954
66674
29516
32432
76295
36382
29154
12024
19381
16831
81501
98509
46106
84817
79802
95628
74812
58118
25225
34742
27355
18873
3212
46441
49596
28227
53042
64658
81445
77087
47688
78131
3546
48669
44280
83260
31789
66141
17562
45855
28533
26279
58376
22978
32172
76998
53464
48047
46126
95164
87002
47796
66028
33900
32383
96339
23817
8366
44380
53390
39596
98969
24801
25689
7677
69383
16593
91669
22649
75657
11567
1729
74853
92644
39885
3981
11086
42014
79321
61758
75727
29432
10700
60725
87576
2175
34194
57474
24057
88470
5861
51018
5192
21331
92486
92888
96131
34774
78855
28793
66165
67213
39312
49850
58723
77537
37412
14579
65317
73373
80817
64798
41868
53127
33341
4538
1128
63997
26957
23223
3560
4360
65482
34534
34905
65541
70427
58258
26419
49792
75430
87248
43822
96828
99958
69616
91162
39596
27159
91591
37909
27716
37030
40716
96294
20625
7237
79999
38090
17516
31946
90999
45815
70104
59737
87818
62469
93372
71916
39905
88997
80590
44945
3810
38487
39532
38245
9130
14913
76596
92888
82245
93066
29443
30867
32263
95765
13578
61447
38829
71297
64054
84724
5098
97286
72984
55144
46934
74412
57943
41108
80938
13686
53455
94709
62637
14734
67032
87105
20661
6520
25659
21702
9976
42076
98550
84580
41681
39339
78687
73020
88062
4910
47177
36326
59546
66289
33515
86967
47386
72208
71802
85349
35737
97500
65632
70995
75145
63239
6801
70074
10910
15271
26153
89266
6823
74502
25242
27236
7959
61664
59191
88399
60129
62303
56806
85644
48667
84243
45796
16475
32003
20455
44423
29009
11500
48307
99014
94483
72241
28789
92941
9675
44558
67183
65123
92615
75264
50164
62409
43644
28995
64770
77946
63892
73539
80684
32494
35970
20282
94201
14530
31320
93798
10007
77998
61616
49047
9047
20187
33099
7212
5458
2743
46182
35976
98468
56404
84935
86864
12614
20571
24372
10147
9811
85049
82345
37997
21451
61183
78829
59685
49905
34850
23296
75009
91882
82530
95244
72054
73705
2155
92543
89734
38290
64661
39719
54932
86477
96857
34330
16728
54823
9995
17478
9575
11886
40169
17363
62561
33804
53087
32366
21086
99923
4952
61727
10944
14754
510
37617
69541
79067
64778
18090
94297
9546
836
67481
14360
85598
51518
46055
79127
21615
22950
24454
28410
70052
39861
44061
77089
70284
66340
68879
62603
58460
44462
65781
38200
77902
23830
367
56814
86140
87404
94836
11311
64367
3787
53188
71203
15800
82505
86084
22377
42698
20974
85711
82494
91996
7982
59036
75200
5875
3417
42986
29252
25987
26050
65513
85107
827
44601
55504
82466
75121
17786
1126
27563
47684
25423
15319
42468
63930
78439
13308
52517
22578
9820
52425
80740
63731
13417
3748
93171
97882
97670
27125
18154
17689
307
3471
50522
59216
24835
70553
37966
55113
39739
68234
23287
55926
19839
15889
60285
36230
26146
42070
26397
47751
61978
14500
67354
14581
76370
93795
5349
27176
71652
83226
28726
46021
77365
99499
64064
68749
74963
88511
80734
48923
98953
81953
46016
36228
15408
26337
55855
22482
95818
25650
62230
33314
86934
91479
93768
52260
936
82815
5323
26052
54858
38313
45152
91205
36485
95674
15039
55538
56628
26890
29054
50827
52151
34220
36422
76754
3223
17147
11431
71038
58796
27685
64129
51330
84337
54750
61943
21292
66797
34914
7469
89247
26753
15824
82560
39633
2549
30108
34565
4327
66467
43983
55781
39492
52498
82307
12163
82318
37941
49702
66072
89471
11166
39471
40912
63022
57129
64650
79748
38179
18523
99012
53325
83192
49924
20167
90691
98993
2852
41154
83363
13768
5077
226
37963
70373
25749
60604
73145
93570
55711
94513
48361
32752
66811
22445
58417
59360
91556
83918
3900
85366
93332
58399
77645
65690
18153
83298
78656
20521
77741
59741
34166
94279
49752
90112
2011
63387
19448
9833
39643
98417
59859
7177
88095
37816
40222
75882
8836
99267
2118
31670
58992
74735
80689
24795
57539
3751
66588
32315
17407
11470
12270
28579
28897
84416
42334
79077
59304
62919
85721
48843
31988
15714
6827
35343
66775
51684
22882
67901
20444
67015
12967
95723
66072
17986
3526
57536
23287
79898
54164
18189
86082
59400
17715
9273
42869
64721
14671
94947
17040
46220
16762
43832
57837
38967
55471
51111
67985
81990
71305
30234
84564
85076
72565
22839
97375
39693
66002
49328
92123
64101
96723
63101
19878
78042
19800
91744
41971
15292
23411
85531
75596
34411
48973
96757
96605
96373
12303
22522
42180
85529
22241
44333
80953
64795
22517
65144
21580
13121
17838
83648
54745
29203
16680
94129
53948
27833
12309
600
20892
14564
19170
67345
19065
69593
97881
39452
841
26889
48298
19886
55327
71896
52378
33085
7703
18843
207
29616
4617
78863
17092
25131
14802
10842
23432
41690
48526
70954
65901
8567
95843
65856
91963
13361
15892
34516
20356
8617
47261
48556
44637
29577
5049
20685
95067
11422
52098
3865
39381
32283
76944
97691
38525
55894
27542
24808
7087
72898
15088
59975
50028
98402
48914
72327
83747
31506
44900
13053
73340
40108
51363
7813
57247
59708
84449
78314
84076
41453
86649
26002
89205
19574
73568
19348
18913
71218
44744
72429
77589
70491
71221
7935
33049
44395
44381
82215
37561
28658
36732
68809
48897
65147
983
63056
3476
84554
65146
41930
84982
11398
70333
91130
53602
50521
20763
26995
5137
41735
21309
29507
51242
43865
11184
75555
86917
84406
13882
15897
62939
83422
67916
33168
95112
63366
33712
69038
27747
29347
35262
18675
12935
58047
32452
23918
10065
17296
16029
91117
73511
87335
88378
64013
6723
84517
3826
78817
73213
41667
18655
8583
20336
41676
20882
26136
63622
82519
39766
7896
84351
15926
4805
96713
61953
50459
73773
60018
32536
16315
26970
7939
23000
47802
42901
36715
69675
75721
78955
1969
83254
62732
89142
14465
43689
53608
18765
99631
86373
29278
75985
33331
2610
99259
63533
4941
9957
89271
59664
59391
35018
76518
81851
66677
2413
13146
12530
39945
65506
46708
54870
23084
33786
70130
25326
95493
12401
32713
81216
31164
17113
1100
53079
37253
15784
62132
59792
41481
92795
80536
18517
24731
83045
80994
23684
75996
17514
8653
53752
13872
2497
33265
29371
29752
88554
64535
58873
56393
84763
81529
47246
1723
71752
62135
71488
6185
66363
33839
61132
10927
93411
95100
53398
59478
58283
22828
89659
42067
94909
81763
94845
66896
74404
68355
28894
9857
68634
10844
52363
1497
77026
92457
339
7039
3595
22255
40460
64906
17952
35187
37594
37043
93561
24729
81747
59023
54547
12051
26713
26636
52217
5596
8078
81539
66640
95263
69338
11421
26025
81828
27950
94131
76551
77615
76548
62870
19912
92863
48500
57566
3596
53133
48846
43669
81389
73981
94474
25039
73067
57162
85676
79146
64431
78136
75301
28319
38919
61511
72798
58034
35497
45006
47447
85327
4836
80779
78571
2830
43048
7337
45392
69889
70017
47922
63251
11496
44137
36379
32170
89582
58857
33183
82825
64476
41702
21181
84263
50739
98583
94601
18288
88919
28232
66506
77084
45336
90465
34757
4369
24730
43925
10304
84323
41144
48177
95922
29629
14021
18658
22891
48612
77677
43910
11690
91328
20974
53336
48623
88316
70904
33827
25627
66043
88589
53088
72790
92404
96355
4119
83955
10745
70052
17718
58228
23108
35532
7801
12267
36430
53217
87811
84361
55960
61464
83843
7661
80234
11667
18268
73623
74700
7317
39233
60092
13785
78116
11641
49110
72643
30258
76944
56928
73039
73938
85653
3440
44130
24986
36897
66628
71759
9393
76691
51492
64063
4931
23022
31732
93626
16727
92644
83127
72388
98160
94503
58056
2910
62594
51433
93151
46165
65711
32413
25970
33822
60791
68680
61741
67435
78896
14367
40760
14253
98413
19550
78870
84035
82817
11173
79105
82344
34441
65018
89945
62694
60202
63044
2973
24866
84684
12741
30043
77712
87491
3511
78379
59947
38522
74574
29609
94941
40304
24504
71853
69758
38219
27234
7451
73508
58331
94953
48897
12810
19321
92172
64544
86267
7569
92916
62419
64600
91066
18392
15237
36074
11885
39240
8545
94017
17747
82949
28433
23385
21632
57261
13401
11818
87398
30916
93904
86556
81332
97287
97672
98402
72724
83657
277
19306
18306
14479
64694
27989
12237
52996
28813
59836
74399
79599
64691
40730
88327
12187
47189
35044
28403
83956
2964
41445
12020
67635
47736
24842
8486
15852
45437
12525
29492
83033
91067
17399
37043
21263
43894
55012
32900
63606
46798
78206
95035
22320
58268
65472
36322
43056
95840
45402
68843
78839
21204
10946
99749
52216
36994
46577
79909
14085
39723
70971
99706
96580
64423
15381
38445
60541
96321
60326
83393
20271
74262
84558
49436
82886
66385
46845
51627
16079
59248
60361
17393
58607
71893
3255
85752
59825
69736
41823
73557
19019
82329
72730
96487
69183
87268
42881
66180
62467
45640
54847
54877
57390
22260
92899
60165
19401
43960
49471
82352
53528
82530
94333
85775
58451
45097
2914
584
64328
54031
32423
10564
82169
41683
36712
40248
21885
47396
1376
98861
48697
13620
84407
78475
23904
41980
72621
10584
18502
34194
72492
45707
34851
92052
15823
47072
15964
40003
98881
14671
25373
5845
63601
62180
52389
69356
83701
89311
47815
87723
94903
10008
22356
16455
9688
57537
14600
54456
2493
15145
29826
36966
88644
23135
40612
12092
58985
85911
89945
4305
99917
29873
887
36585
50391
83091
27197
55443
16408
82987
89028
13814
97234
41212
23420
5534
92350
87588
94354
64382
97534
52210
62019
63500
14296
20740
99220
24294
89406
66043
68032
98769
58706
7161
60852
4706
64168
74616
66659
87955
43626
33678
98991
8004
18006
86923
17458
89291
22119
59657
32448
57021
84052
20900
41219
27822
76590
68602
8541
19891
30762
1500
14567
88233
69425
65411
42818
63423
72113
1633
53812
48718
54329
27548
67436
64428
73255
72869
74291
44390
89144
59276
57485
22295
65765
73856
25295
11783
73729
66479
1094
2539
70554
44106
51938
50975
98541
66509
65724
31688
54438
64099
90766
73233
91886
75807
89334
45229
43583
4933
55075
48771
41161
75321
71344
51047
38674
94484
12100
73633
49923
69011
2271
74485
46352
12938
66124
20611
53202
47664
62505
12483
78913
75896
13093
26467
65407
16015
92295
50960
36205
6234
80888
82751
15715
54719
67991
47594
85327
19753
27549
33687
15431
31717
77218
20514
96452
15728
35150
61991
60983
93532
47515
94019
70804
51150
81755
44499
58729
57099
21280
55064
39954
9169
35990
19228
38886
99037
46697
65140
44649
80897
46151
42353
75184
97915
12963
8661
18280
93948
18166
67563
53639
14250
2889
3870
90079
70637
53052
2221
8862
57589
35574
40432
27462
64088
37837
32952
33762
48144
3771
64626
87231
78698
96891
41785
88996
38859
49758
20329
32492
72885
5533
73562
47426
82951
85212
52946
5113
44076
30599
79830
9697
62853
62282
94709
13642
2409
87906
12778
59133
74804
93519
91310
37731
78454
8802
99103
20520
59804
49506
86723
62829
61457
31146
67698
85089
13641
92281
22895
37939
170
95546
32567
11227
44101
90988
70950
4228
37952
88042
24818
45351
70435
8799
95392
20488
83537
32571
24933
85340
32482
47470
25355
59584
60550
84123
75836
56963
72859
67148
26848
29675
829
39495
42844
84375
89709
76250
79710
18653
6779
59349
80378
96458
1614
50401
78063
24155
11819
25804
13342
31110
62777
39808
65074
96874
31343
49630
3796
98195
91349
47069
58179
62939
32538
35954
70676
35123
85351
14089
9672
13570
72308
21712
193
52529
17115
35211
16932
71270
649
4225
20884
52438
10684
89927
88518
99650
10945
12232
11875
13031
57733
87371
82169
16898
11270
93177
34196
87788
60062
70743
4978
73942
93614
21628
48171
52178
71624
22836
17434
69549
1701
27911
36451
18533
80285
24349
20084
56420
63048
47171
25810
87065
35288
14085
50488
44262
51525
67056
78787
98310
43824
71267
58196
30603
54180
26245
88557
93783
60122
9533
68823
13945
47001
36964
86245
25239
72252
76302
46961
8519
28190
93667
1406
1854
34637
67070
70931
40447
52324
76167
30344
30357
68990
26605
57108
89109
98374
56163
3136
33447
21661
3099
71585
38955
87001
27339
59785
45064
88816
11313
33242
34729
26492
6945
47931
65833
66602
14354
4461
27401
93444
59217
84057
37324
89722
21283
81644
28956
67020
8524
29093
53964
23600
80670
28793
50692
72631
26052
60204
63951
11696
15453
94339
39146
73560
60176
96232
67494
46553
78924
7554
47770
5935
96566
4658
24397
68358
32898
87525
67124
90927
89438
31435
49024
85169
27349
37683
32506
52336
83944
32188
52719
75684
58632
80785
52714
47251
79732
72111
74296
39192
45375
47144
24221
68362
1535
26526
42110
329
71025
44165
77965
7186
97179
36104
63723
29655
8718
35254
5042
31463
81798
45170
68991
73478
37161
5581
91213
25531
5120
16563
40247
60851
55730
13786
74638
47888
26578
3126
69030
59613
89175
85091
81741
4754
20381
63875
16016
96755
32916
88964
58781
46287
38947
24825
43369
31586
80338
45970
20368
57565
46175
75031
45935
26084
51651
64322
31068
31223
84637
91965
68806
75831
83143
52001
21320
78826
37925
98961
71930
76673
63267
79256
80265
2043
90781
66369
22162
79331
90884
40489
6493
89918
91076
13149
24109
42784
94624
73550
9453
97492
63627
31211
85849
90920
10439
96517
77033
98931
29613
64536
64462
10431
69857
75980
39528
87281
49589
67684
2014
49326
34685
96996
27225
73583
7464
29745
73484
2605
34510
14195
10325
79692
97188
5793
31286
66344
99731
62856
42056
3690
27354
20444
72835
88141
92940
25453
31797
82139
60959
71522
51181
23805
3407
99657
5138
10087
96083
65494
39813
48407
35585
15289
61829
31322
55168
38560
183
47197
32385
95329
64105
15239
8800
36827
32090
53738
60341
72962
2900
91411
96213
7240
74294
23708
20188
60974
18823
30996
53661
30709
6978
68402
10774
28738
93254
68214
33838
10821
50563
99195
92106
34676
75493
61259
24216
65863
77448
57748
21119
51832
24692
15094
44241
67134
63205
69589
17458
22612
78782
84024
91082
87832
30550
99010
59525
74733
32707
93783
49459
41790
52126
79304
75443
11780
96627
12163
780
7557
41469
23519
4281
27553
19329
94816
14410
19649
96066
47773
42785
25519
28499
66596
1297
85349
99763
2469
45170
78176
1878
48972
19945
8662
60211
90678
35394
35260
47365
89631
96297
2749
42741
9783
98884
60611
89106
50778
68476
47738
69673
22596
1385
60929
25525
20281
79619
72422
92035
28880
17719
12211
53551
71046
39725
79943
2934
52011
16198
44810
41749
64158
83321
26448
56909
35639
50571
37100
81965
55304
75635
94074
18818
88531
5281
64980
22430
51049
45716
39448
56071
62824
24360
18455
86930
31150
17738
31234
45734
71936
49129
66746
77616
90928
80177
46054
38160
82021
45414
77475
88951
64190
2514
35415
68419
14124
10295
37215
1917
59613
25221
20075
60616
11507
66069
60902
62332
26620
71965
67619
18541
34148
11708
49365
24356
24832
38918
90062
36293
53341
74984
59539
49385
21545
95675
89050
91877
26473
90179
51299
14495
15061
55143
56593
91023
14061
35196
68262
87951
21757
90419
52527
1921
98039
63282
56875
55536
88375
47989
63940
22432
70256
29730
56761
167
9594
72879
21800
48579
16521
65285
96468
78305
