1633
50176
3674
88043
7300
24971
47910
37612
39156
37190
60777
88429
6106
653
20135
65813
31879
72530
8021
18895
35270
46477
40726
81298
95540
68524
57875
23939
44269
17496
93517
54417
39308
46183
99694
58848
46027
46117
24979
57482
16917
89113
84845
4959
19159
14326
44163
15301
32071
39353
28507
25310
25357
11752
10944
92862
7333
45263
20851
55010
36598
444
43606
62840
70117
32875
3008
58655
26037
550
90455
73351
81443
19957
81377
24438
46437
24197
50771
43312
57854
84747
49413
48925
2616
39751
34961
23243
70242
65578
3185
72851
55049
69741
9680
29315
1386
36418
16419
29636
20625
32137
68886
15488
58273
609
71333
19624
73717
83206
545
16352
24610
38829
56967
59462
23258
95668
45371
89262
10251
31076
90856
18015
77775
17036
31391
39531
65610
35330
19179
24127
17335
67484
55936
15716
41095
45964
16448
8917
28615
74567
19961
26502
27342
86467
54546
16005
50225
46430
17462
9010
97935
43736
72149
3878
23042
68702
52840
5100
82511
86400
91131
37962
15315
41074
39777
85933
59983
85274
10477
73631
96399
46718
21763
15488
41278
49274
22318
42012
86156
34227
86777
7844
85270
5045
5233
92002
18727
38576
27317
29374
3687
5113
90281
43095
29186
57034
21634
35900
36738
51078
13613
38672
30653
68783
64521
86283
50405
14541
86501
22877
33226
54734
65110
47989
74749
8732
45534
22986
5517
6702
61434
6631
64837
28974
94645
76465
43557
27444
25924
92532
66186
87147
42787
39275
71401
48755
13664
10232
80911
35558
49947
44784
34351
35536
67528
2175
74035
70798
26815
5810
80029
20558
14518
3656
99790
82004
54263
14995
845
31313
86695
77025
82608
69599
64803
8634
87728
61633
45132
83703
22590
28056
53634
15575
39798
69437
47503
35209
50584
1109
75191
87129
71435
13377
55767
76979
41973
40496
40784
61473
82475
23789
27927
99825
1816
33033
48601
18262
28995
57962
69550
43749
36787
14379
19734
66177
93824
2900
59805
41039
27182
54599
88646
98321
46460
25195
27179
51759
13944
8786
1604
36679
3593
83175
54199
41868
2825
66444
28370
78535
54865
4483
32032
26060
87471
94786
23491
10224
26157
16885
29648
52459
92157
65634
81021
64359
38179
85760
24397
40090
91373
62801
65093
52857
4532
16269
81431
76191
78856
29418
55371
85025
41128
54914
18648
12988
29743
50208
36974
86229
89060
7959
94052
64164
23958
43004
90124
80815
60063
69059
76551
26614
65833
1732
9255
15311
92166
29338
95210
50282
64887
36934
22010
82480
82716
57482
89748
21968
93738
60616
23071
73338
33495
1594
12607
48634
81559
42620
86958
83640
42059
65124
89397
50742
64150
62689
34275
50257
43972
57667
97365
55170
63013
87895
43316
22188
98578
7196
43201
22691
48577
85880
55777
14937
24391
8810
23865
95178
95549
23262
3954
97270
34691
5299
9247
32384
5338
60921
75221
87996
20954
56671
88795
73621
13925
72428
47441
1820
21155
6478
2702
99228
32171
1062
97032
58183
66254
66638
15266
60558
66629
64249
46165
68082
18301
32305
5022
28304
2922
72490
86690
58067
32082
28068
84935
31610
44812
61122
6889
89142
47143
47506
32342
35011
76601
55996
67277
6989
9589
1388
89439
32845
35912
96440
9044
48460
4794
91960
81991
36114
53886
87805
84654
42723
53019
24695
31058
98656
15633
64391
23292
82971
32281
70044
7704
81971
66970
40269
69060
3813
54854
29638
94
3393
84729
99989
36551
28217
42672
84453
80979
91381
67439
77847
23461
27807
91905
37672
34244
77193
59012
40412
33921
5294
88548
44285
54420
22265
7457
1181
83182
14259
81016
4697
53316
83991
12510
56641
82649
70290
31863
17957
24617
710
10363
59280
30371
43171
31995
41505
27743
69202
82890
80541
7691
40992
87276
52213
55565
79491
54775
20294
38546
51723
11716
25076
1707
72123
60055
53742
55701
43652
30441
53281
52390
69085
60873
48490
9286
60200
95187
47661
31875
63968
71490
88508
54325
58036
34775
20384
65031
57939
83068
87616
66073
46781
23256
59236
80358
66058
32981
62174
31495
5389
41296
19319
26059
55323
64723
1920
88308
52712
80265
42597
13803
83811
87299
47513
56844
73082
58535
55505
64966
94676
53166
1111
50430
74376
33711
23874
74651
2359
56373
6388
48074
35284
66131
87238
51672
32339
33297
28183
92483
99749
24135
15934
88536
92659
29270
53718
76138
33051
47648
980
66750
63029
80213
18797
52078
84516
57595
85874
60478
35526
88396
22297
98900
75871
30077
70481
12635
34212
32182
1229
24826
75717
83044
49664
22353
56827
23460
88591
95612
85789
19765
79724
97538
42424
56481
17548
19380
13120
87121
36735
53306
99042
80943
90501
3625
67141
44602
66981
63443
3721
86815
21180
84023
36066
13832
13252
82667
21404
41232
99292
93963
75827
94398
33293
41821
80007
2508
47851
9672
16080
2704
39972
43009
5436
75926
70865
26753
91528
15788
62833
38344
59514
16896
55358
40170
40102
98161
7321
13401
51184
40558
77816
74630
59407
98163
25496
27581
88214
13952
36414
80405
78698
25551
29952
16342
88400
61545
66726
74194
27485
51809
7833
81323
19355
22908
87244
67111
72348
48993
69501
5559
35577
52678
48901
71536
19107
63223
32122
27406
85912
74520
48689
88648
63024
45048
91483
86329
51043
13596
5436
88469
91437
42492
77502
73405
82603
5472
2127
94955
3437
67105
94291
46841
89627
10784
78340
75754
828
72464
35217
41645
75242
46179
11691
64198
34701
79403
72942
45195
3355
23034
48534
40536
7455
25648
98866
88613
55017
13042
12704
37223
3225
94078
17635
95059
70640
95096
31662
4218
2143
31107
48637
85307
97025
12797
57898
51544
81319
56376
7855
80276
52911
43772
66805
1080
59879
98411
9428
10008
58171
42078
67848
46720
80732
11370
98681
49046
82162
23847
21814
47643
25833
10397
64623
25601
56940
92932
3860
32294
84435
17167
891
20114
79623
94505
77901
58532
5122
38370
32041
90711
75517
49141
26707
18023
50350
80333
97306
57876
37589
44402
73185
38092
88270
56501
7782
43380
34462
33409
96571
44296
60970
66779
70174
65140
82933
74570
69022
41559
10034
62961
93348
43385
21110
39481
4324
89931
40503
82503
19586
27938
74517
76805
75057
34027
52670
80337
67189
83041
28817
32551
31447
72303
36107
77115
88711
51432
38239
48856
47070
97089
19673
29998
19250
89629
9233
7154
82437
76407
86599
61863
88253
97660
54808
30776
5519
39191
37568
4959
89945
15909
16407
30009
27432
61026
16209
45889
25876
97593
6634
86228
15555
24405
65598
59904
37732
44522
83443
9428
43611
17570
18290
92021
50149
40667
55311
2727
4224
16342
91743
42968
16660
29522
69943
70327
18436
87015
27331
16212
76802
25628
37629
80363
96891
98551
90771
20369
56407
29104
63457
86942
65784
70536
85950
32761
55066
37769
17436
95986
32797
39909
32013
37521
30268
10999
56527
78327
20799
84715
39828
87893
34352
49352
55767
7598
7261
22558
39376
21492
60183
83793
73355
62325
25642
48444
10106
73538
4101
61247
18810
41914
64696
2042
57902
16910
94032
87571
72918
23232
86945
53343
64294
63742
3032
2433
69155
55143
7723
19529
66615
15065
57661
64982
99076
19308
66901
273
87964
66794
2552
9666
79013
39087
78028
14580
56604
78376
67937
52109
34258
46979
24655
15720
61438
74715
19625
7678
32300
18889
24781
86089
56831
77761
13581
76443
99319
65583
78754
28149
61423
28896
55535
83938
30851
53576
97528
59944
26453
78685
12848
29987
90333
351
75535
20361
97198
34732
89636
51174
86983
31701
35737
80578
18196
15162
30042
51014
66209
76849
68498
73065
48524
36824
49988
90337
8273
59671
88930
33163
83411
92640
26633
74817
13146
83726
5311
24521
87863
43678
19409
77766
72027
88485
5635
26639
50840
20948
14019
51473
82916
9529
66269
58484
41887
80226
78933
41146
58885
90321
92387
73704
77526
21838
62685
7498
88532
7493
93411
3487
58617
23322
24253
36720
69444
58249
81213
40830
77312
20561
73810
48815
74267
70147
31124
53038
30146
49523
11690
21148
84220
86928
32178
67361
42078
88078
32122
196
44000
29024
71076
8560
14462
11636
42548
72723
76565
43901
76297
79357
87290
22916
75979
68943
783
3672
28530
46844
53844
71702
32461
67342
2713
51247
48369
74291
80780
75775
76531
28080
76450
3308
13326
80157
73274
70499
16268
62781
28504
33279
36945
3689
16206
34756
22518
15875
6989
74890
4660
73399
48677
38192
85867
40659
98222
28024
52985
28078
1108
11820
62005
64061
9280
39280
5739
9745
93076
11288
11958
135
16224
18532
11117
48183
10788
36669
90404
21456
19431
80104
6515
25713
78958
78250
88437
75761
85734
49487
11420
41580
97649
84514
95507
79658
17961
99228
38069
81590
37544
30518
73288
65539
87278
82174
76404
46978
57802
99000
32778
74980
64387
51713
78352
93708
91244
63439
81218
55666
63098
66493
97292
8643
46185
50398
37245
63637
19518
34959
60598
50135
32359
96509
36909
67444
27322
22627
88847
32461
55975
10559
31485
54934
98331
34728
72777
49277
70186
40958
47979
45842
50596
48225
83934
77852
98704
36289
98011
77351
58956
52317
63413
18526
39353
73584
83333
23345
61518
52652
49097
57020
82561
23597
25042
51784
9087
65898
83790
67056
70045
84026
46827
70502
35425
3
93854
1335
67400
23933
38175
47732
57580
82627
68519
59618
73708
56611
98031
58142
14339
59263
38965
84371
50849
88931
73530
77512
62431
63801
17125
12921
83270
11373
22564
21085
79427
9109
34303
1880
4077
70628
40042
68407
85001
70903
86316
10983
12723
19316
73313
86980
67768
59929
52282
95789
73103
21135
70886
43766
29576
67609
82737
85336
92840
69145
12193
61566
47415
78839
47148
57616
3223
27111
68909
18586
29386
62216
51841
38068
44865
30699
74682
9778
84696
77835
94661
62666
16531
45213
28100
4323
51459
70197
489
9326
3280
96248
52900
58118
82019
19111
43540
48989
40661
8695
52633
24904
60489
97799
79093
51426
70833
20088
52582
85094
24657
29048
72947
86064
37736
17186
10090
44309
73455
90516
79869
98715
95788
82822
73442
49726
46198
29604
43649
98612
41741
83217
674
53824
55434
12780
68831
73280
71848
86651
57406
483
33305
14295
38630
47220
58360
38216
90394
76429
98715
57109
19656
27931
98236
64116
6646
71977
38823
49677
9738
43984
85982
5853
89451
20741
24965
65197
51642
46431
12172
7330
65326
66268
52402
24048
24573
57953
53688
61604
56766
87441
74592
89065
81422
15362
8092
90338
71123
15040
85121
56103
93965
75919
24561
85291
17971
76721
80898
91367
96825
12858
64720
2415
5526
12097
23783
87568
87917
14033
44217
90764
39992
79593
99645
66729
58606
8648
7034
44297
69530
67208
98370
37349
66661
51677
25446
46775
25150
34620
38607
32604
48475
66549
18083
46573
12493
15887
37545
5895
78974
53845
18664
71225
55774
10747
29500
33061
17991
51437
39313
27476
98639
78644
43823
42031
51399
1074
47064
18444
37913
49620
70256
33415
85973
52529
61047
97264
96259
97004
66422
37704
74505
74413
15805
87468
82806
76527
48614
51302
53611
67864
76192
51235
58689
31531
51722
87822
47019
93818
95634
82451
17641
22649
43778
34659
60815
13870
60426
86889
70057
927
99922
36234
30931
62524
32516
63428
59755
92649
97109
46064
98654
68804
86771
2218
34990
31491
35696
34404
26704
77700
56181
17993
81777
88427
41996
52268
30580
89515
38991
26426
73194
38043
65530
42469
82337
77410
62845
33721
92786
3358
63849
98209
24151
31208
9696
57144
12117
35654
71340
62204
11783
29687
6444
57241
68680
75167
599
78826
29895
8190
38744
35529
99117
77107
71862
22414
26126
20695
2563
66950
94566
27325
26040
20835
61682
3773
90660
65812
5131
15397
22362
73861
50734
75096
19927
1464
54975
15286
22047
27127
93487
74761
44995
50396
50514
22309
94973
8785
87380
8033
82749
42191
72693
89613
27699
83821
95031
61445
57459
40435
77445
83119
73442
87087
8951
16232
13319
42275
8101
9615
62666
36154
85172
10537
76196
54654
41751
44437
82268
9782
88225
71954
95051
66979
45992
54825
62542
32462
86258
77634
47736
33565
58015
28472
91400
62340
74187
88913
68339
5723
99617
14254
21944
85644
62969
29538
81446
67551
45931
21346
9708
2270
3872
20342
60093
97121
84576
85534
5162
3264
11262
54413
30609
50998
54480
19779
40590
64485
71664
19124
62087
88752
34684
38357
28508
38544
72626
88489
96836
16994
96949
20207
28345
84506
86008
97048
31716
2646
68745
26642
92075
66969
56838
30040
62181
9115
29253
32184
94322
72380
42509
98283
64732
21434
90641
76857
65296
68243
97230
3589
71256
51957
60511
98839
53200
10228
90626
53462
681
90882
90202
47257
80320
4972
2923
86215
43392
98447
71500
97537
88964
9256
64424
67037
33525
9238
79936
94077
81229
84299
94958
54837
83560
94987
68157
52400
86238
24413
54847
74777
57031
3854
84507
87150
41891
46814
22342
72034
24837
66031
66852
88685
61884
65520
76426
75459
35160
11845
83412
10803
39060
27498
55667
46142
69108
23496
97477
17446
51613
34030
80355
65481
7303
97300
69666
94762
21322
781
17981
56083
8699
5052
52019
77030
58008
57488
45149
51762
90564
91241
80754
54597
97953
74166
75049
44655
71967
21057
31301
57368
90579
4286
27166
54502
2264
3495
56419
27084
35824
95096
47296
61366
48023
83312
33505
84337
76420
94798
17146
53560
36497
10030
62380
43682
7143
96016
67660
65605
18074
9746
98301
32391
41445
78601
97259
7935
46294
27846
17492
58319
13296
18625
11667
97800
64983
21339
36272
60917
94217
98158
31407
78130
98082
84481
54194
81883
80936
63087
33591
30434
80096
10070
47733
27486
77188
49857
12017
76833
76184
28775
87623
23666
8599
21786
59366
52473
67934
97558
8501
67030
21578
15600
76638
70812
46184
20527
48484
28748
76806
47919
23882
98027
27808
19128
63315
19617
2742
95252
8287
12475
39583
219
15089
99667
15039
9277
61959
55542
66095
19647
97660
14104
48079
83071
79850
32297
66596
8615
48466
68366
58233
7564
13103
95711
48150
10060
47332
85201
74878
28417
748
64222
19027
97236
24506
44535
10446
39114
9469
37708
60948
38433
68623
83708
55250
61345
37692
80583
83983
6980
69341
6355
37942
32302
78615
26974
49776
46729
71815
16729
80043
88827
79754
43172
81913
60660
71292
54205
97517
2698
95250
79344
63029
49292
94406
96925
64120
25078
72651
18372
47143
4512
3082
4620
86490
95529
97922
56257
49568
54539
83453
20891
63605
2802
57079
10519
71898
74374
57636
84049
86213
16641
83785
51538
42519
95730
45223
9418
93215
54816
71901
70545
4721
97859
28798
45109
73487
71095
5721
65202
80363
55201
32296
76620
48864
98356
54727
15406
17448
78119
40856
86482
92898
96854
94847
85907
47902
89824
84020
39138
62438
56725
9734
70837
93526
54412
80108
62265
44229
8194
65073
45719
46844
61591
58476
79139
12128
91231
19599
71280
61705
21090
66841
92000
6394
37917
14651
90357
31632
90698
56762
77093
68257
33568
74153
69533
1284
12528
26489
63132
60473
51204
63244
66531
26149
6633
52738
34005
97347
12995
16722
48217
17224
27452
18001
66865
76494
57472
7869
2479
25566
40194
16992
704
31506
57078
83256
61208
24938
10802
79820
41478
38084
66500
35230
93064
25983
46
28550
96685
18035
95410
34817
67458
6942
21356
76311
91366
69039
24306
12193
74822
50775
89044
56310
51293
83912
62605
4853
35177
15939
27139
70455
6736
60396
57826
86344
53196
83001
42729
33731
54497
30174
28737
48783
66411
30262
50920
89133
57383
59820
48522
50666
76191
69969
75430
68728
41642
94947
62878
22760
56111
86605
92570
26505
60741
26171
22767
6463
53432
15562
55721
20936
61696
31943
49884
14060
41145
59754
86859
65017
13568
17969
6376
7027
16002
57531
8086
15561
64547
38499
47926
56812
1210
48550
7297
91125
72589
68526
82736
34319
93634
87060
71434
28859
60605
94569
53401
70352
88498
93747
7106
47362
85135
84498
58765
52501
64123
81868
81811
10955
80325
91714
74764
98691
41613
24655
43562
84094
12187
27146
40635
49043
77840
12177
32654
12531
72143
76576
21810
77905
81568
39418
86306
58742
98569
1970
1169
85222
24179
67939
21020
27
99659
49099
58465
91088
12577
46042
21626
67491
46468
99467
42365
60939
59173
43019
90140
84475
4492
31688
59547
91415
90605
85045
47317
24178
9397
11426
45615
50066
57861
58365
22556
27958
94332
43430
13980
58430
99687
49156
45525
31102
83228
59015
42430
15175
12317
29181
71888
23628
19770
35212
61937
50665
10261
29609
14753
41418
66917
50153
58757
39351
80502
47294
89886
81384
6021
11636
75665
22831
54800
81186
51132
70950
79205
17066
9408
28510
45680
87475
84289
37889
92852
42270
16182
13810
35961
99772
56514
81174
83967
38184
82855
61278
88032
43868
57699
95316
61509
26744
71077
33898
80513
27846
25166
3817
87649
70616
89136
36503
80740
41896
18248
11745
72495
12019
54089
46010
46362
79020
36401
55734
55925
91914
26490
43921
27125
28816
57941
61305
55190
15602
35775
67422
42737
84043
82662
40737
41068
8141
78910
89708
85196
92520
23890
20107
2394
79809
90739
96825
42106
58268
89929
57733
13452
70053
65861
86801
97870
48704
43990
98708
75545
21382
65581
615
79213
852
39634
46528
85892
17464
60791
99533
2696
96673
59148
90332
8202
61886
2704
79964
80767
33068
96075
32814
56622
43222
19699
41290
59251
39907
52494
74128
46861
54809
7927
43951
33481
18084
71985
71013
14802
69664
63920
16281
23840
54674
20737
92922
94084
72731
68831
52145
22048
50891
36253
46099
65612
17017
26197
29360
36024
96847
89603
85042
65033
76136
43634
7383
25246
86717
28568
87784
16140
99947
47816
96214
50163
43416
15781
70519
32413
73067
45645
18835
95009
17862
44980
77868
17511
70522
27068
97222
93380
87211
17639
976
84351
93037
73690
3925
92450
64318
39166
99981
73350
65518
30261
25072
79492
6709
86546
62964
59204
87366
6137
26271
93420
32063
57945
98865
8748
27319
86682
72347
36605
23644
74344
25409
44679
21519
27711
37894
31843
98942
61557
77334
9899
22948
56752
79785
29878
91559
62978
75804
56210
36250
58853
43018
33119
44016
85559
20825
36425
9226
71199
40868
39053
25942
33615
32047
28543
38769
38685
23601
43522
97826
52648
19982
85086
28927
14408
58956
50247
68206
94225
62589
69899
54731
51348
99780
26970
35678
69757
55697
60298
89829
35251
90121
39829
49621
83771
51489
59016
70034
63296
29155
5998
27027
41101
29799
99934
23612
20323
55951
61626
66878
28990
96183
24427
51357
70771
88636
1443
77752
498
53047
74377
63420
66572
12875
97672
61915
329
62954
83315
70388
16332
64823
60313
33010
7158
88391
36863
82778
7043
72215
15234
62405
22101
44650
52840
15499
22936
71655
4561
2869
2149
3645
24157
71678
93878
40520
1853
98312
65539
41825
98780
70100
11820
63414
88028
68282
22183
58046
24793
86185
83731
77140
55226
33069
35651
38359
97508
34830
56011
41508
17193
80018
2014
32704
95661
98168
21784
10567
77232
84975
88928
37244
16985
66151
84992
44303
22521
64175
59346
34064
38102
44014
67543
95663
95411
40092
93936
23402
75956
91539
83794
19589
42252
58093
28324
54993
13290
27042
8426
34204
93616
16223
68542
70296
45691
61564
9132
72697
65525
59430
73660
88416
3568
95923
36127
10411
73145
20367
75827
32503
17843
52859
30051
261
5599
31311
67675
18241
47527
31209
89312
53706
96579
4198
51852
32994
85951
62417
43375
21708
26033
81463
78566
52170
89730
73778
38631
27672
444
91322
80738
95067
19064
24374
30713
18310
66853
9708
48655
34480
40371
20925
7027
49397
68360
70208
69719
44719
29250
34331
71535
16113
23274
2777
98593
61733
72954
52047
67954
60657
87966
25722
33352
41172
31048
26424
44920
1052
65052
83470
89598
17780
89834
76139
75303
76654
88719
12990
1548
70558
61848
89058
5794
67700
73457
52120
5226
232
10482
57103
22994
41667
5996
54365
17129
34657
36873
16814
7019
58138
94174
93845
68244
765
55204
482
51428
11858
20327
55579
52118
11404
51317
64750
59036
2628
532
62373
33389
67095
32603
66797
39748
28091
7903
16275
99299
93272
71683
80488
42374
27854
90694
80738
54190
91515
19357
90977
75757
15355
97093
64575
16469
38922
92111
49077
60342
11496
51521
88742
18203
54856
30350
58868
9196
92937
56719
92526
74410
61347
21686
96230
53789
41522
13807
16648
78913
77500
98268
33874
97304
20191
54290
5866
91388
48061
99412
9932
66449
20847
64891
73008
52394
44501
2275
67197
71045
66428
82143
12461
91323
56964
16739
55597
7640
9611
55034
77223
36549
59552
32938
90724
58504
84258
59931
76174
36309
74900
39068
76879
71551
43654
43053
52424
220
16733
98475
28603
14638
59904
24467
89367
96602
65817
39009
76949
45066
46078
77625
79574
73296
12288
29062
3035
98703
6560
88351
78370
30236
19712
94096
7980
67726
41347
70502
29989
84292
47145
954
34013
23444
81829
64040
17243
5345
80979
21086
98328
18898
79294
99919
84515
36525
95316
6177
67008
91535
15787
60171
84024
15552
13524
67957
17367
39587
2521
71982
99941
56217
7293
69540
53468
84494
46723
94809
90081
15080
79819
78369
30236
38901
6851
21832
85255
73817
7953
23746
66218
13622
83359
93610
29678
47814
49662
54514
29050
23748
62810
39548
62519
11923
26369
73876
38483
41587
6155
35089
61305
11156
83819
61891
42071
92929
318
58507
93903
70378
16767
95541
25695
83174
88212
72043
23449
30799
64344
46543
50899
90329
26294
76504
20911
23820
78977
65216
39076
56884
43333
53591
88951
42482
77427
17742
13306
53002
80827
11783
41563
55499
21466
84932
97981
33614
77369
92783
86805
71711
96006
27743
3827
16543
23867
24442
11295
54263
88305
11468
66061
85757
89605
15303
16570
73031
57385
78172
76267
59934
45166
21633
22924
35421
46251
59327
64543
84410
92299
18267
82510
49565
47484
89518
75856
37005
72160
2103
31449
72451
47595
96148
87315
92623
82388
76257
33984
32546
99863
17138
2986
99117
56989
6295
25295
86781
25469
72990
47465
77896
2618
33609
19406
68545
6578
89968
9767
89123
58884
15726
75272
83864
57484
6923
62447
84880
38689
19790
70284
74048
91257
69492
68022
83938
17814
4969
71878
73909
17547
40581
8389
91996
56671
92587
95266
70277
65037
11381
12998
28287
77907
22663
33584
20105
54877
70037
26970
77701
83728
93524
96593
68274
58236
5038
61609
9418
55723
16733
63288
92668
22941
58838
10006
7966
27745
68810
58399
47207
98404
26405
3096
27386
23505
19226
12191
59306
3734
85998
8362
98509
50494
43076
5790
395
33251
14208
99881
18982
72486
41479
61619
11348
46914
30174
64935
95922
94452
26372
46547
55829
12709
13301
51982
78724
96279
73709
67391
4979
5270
72592
14714
20017
32663
74356
3070
10169
82095
84047
17515
55950
15173
44348
16709
95896
26656
44809
68787
40595
76228
53808
15030
46209
12286
45658
4829
98158
14562
91158
40229
17491
86042
47097
11970
47702
84254
72438
69125
9029
88501
96414
233
79745
83509
16150
56873
6579
82427
15421
15716
22489
95235
55542
94139
60097
37442
14406
62110
42638
51307
7531
89678
72097
94724
7368
24003
70920
24892
9326
54320
85052
46852
58824
64237
58017
85388
38443
37181
56513
53110
35270
35626
6345
93768
94116
96436
78933
71539
2580
67260
15713
9689
94314
24458
73590
63372
97670
55632
84824
68186
33416
6306
209
16172
40293
96555
42842
58819
87462
13908
57287
86771
64796
41903
72559
61955
73947
83073
40775
14166
89366
5071
37560
24156
78447
55565
58910
24164
7320
81764
78028
90831
78363
36636
62714
38589
70890
59978
32588
97538
69713
85216
89530
5369
99331
29007
32854
80942
42118
50317
40133
90559
29716
2834
60610
62289
5618
2331
10843
20457
93196
36611
38484
76955
88165
42319
30093
96889
1235
42384
88031
68444
36900
61664
98277
78505
95302
42214
39786
95901
8332
44300
9010
64520
29642
8008
92363
82199
27284
52590
34172
48857
38886
73717
49129
19668
50819
18355
99773
25577
66789
31344
29075
57250
78940
60881
71880
67288
86428
26484
97122
9162
41342
25533
13128
77621
36697
68888
61815
83982
74330
21458
59934
32494
74553
37811
87799
69222
62516
77706
43427
80426
47011
69460
82695
6338
18118
32093
12025
78504
35834
75788
59188
34393
30570
2543
86511
66752
18387
49336
64492
70822
52829
14276
80486
87585
18739
22539
95639
42590
74376
33845
5241
45504
74274
39242
15102
88631
92684
73653
92762
77521
49487
72819
78814
30524
21098
84846
38422
977
12823
78753
66131
93655
29215
8795
65142
230
90619
69509
13510
62733
2873
18719
72985
82862
42093
43664
94214
58654
49202
66807
49161
61825
44388
54997
96306
74937
2336
23387
93912
93678
9980
54049
76568
92188
79491
22986
10366
10754
64581
46109
76124
65546
14452
7788
95593
9085
19214
90749
75804
27743
1152
31920
95387
86624
41421
58098
95742
43004
74797
37504
75470
61616
51772
81294
26663
55394
28489
53089
32338
64973
13835
45090
60788
61189
52000
68474
23666
72075
83566
59669
56787
63126
93050
91315
99200
90635
83395
70995
65825
51846
48311
22960
99298
87914
78239
13767
18751
99763
12406
37199
73563
57513
3757
98768
27616
6410
90306
19687
3789
87869
58836
96382
58830
10363
75554
93368
13818
22759
15300
2812
19708
65766
2951
94288
58329
33485
4033
33945
39342
80552
22471
30276
64303
42298
7315
58947
49161
30969
58643
14409
15000
51353
7999
68719
27700
61605
12628
42435
99647
43212
60140
70011
7753
62339
48384
10258
11166
23567
20870
80918
76264
71206
7406
68619
44944
93465
14689
99357
64426
64996
47862
46332
55658
90722
11990
96633
90004
72023
43927
86466
58715
47221
16699
94940
87507
94733
67350
44163
32409
73029
41120
33845
75170
71513
47543
50231
31483
64141
7591
78158
13664
86905
52360
5139
98434
71285
88927
80814
16651
64555
49693
98254
68484
11575
35194
13235
77616
58989
89278
67214
98408
52920
22047
25951
47901
47511
66309
10144
21987
26725
23314
73819
55920
98750
3197
74063
51220
56195
90711
13282
89774
27332
85162
32530
79446
45616
51633
42802
64504
52643
48708
79718
43551
13023
81378
45904
53370
10961
18979
14655
687
88476
93021
13574
32923
7991
34942
73852
73705
42961
78356
74947
40439
78308
15513
61429
3197
38267
76428
25009
94826
20601
82227
14050
45234
93942
61305
96367
70828
93319
3409
1671
73296
60966
18937
14012
62917
81774
52784
4468
7470
15036
21744
50727
63622
82458
99007
83548
66623
36265
41756
78162
77759
16322
96785
96101
98664
80735
65913
75284
29240
80125
41475
29782
55922
22118
44448
50795
77426
86979
28330
29884
96496
4021
64000
47037
7516
50027
94463
91266
96647
7335
76798
21114
72239
43478
81429
5861
80977
14885
24801
97685
32922
57523
18377
71433
3976
92744
88527
75389
39454
21458
82604
79800
59647
32334
30665
96679
89933
969
47468
82692
48600
8364
27241
94511
22663
94000
41120
8521
14979
16993
90346
43746
80118
16248
51893
34559
28542
24176
11750
12646
80930
76794
55560
14304
61431
44519
93200
33422
62080
15385
23648
53290
60593
49831
44186
87507
95207
54351
86445
96934
23262
17351
42970
47558
99060
14704
12367
78776
91110
53437
75854
25456
47492
56250
17219
39174
66607
89188
2959
84188
45322
20492
79610
84787
7692
94767
38560
58770
31366
5649
91583
71785
5281
84708
75358
10610
47806
77213
50438
63079
66569
19205
30137
98796
18119
94051
14846
691
74085
92736
43212
70314
56516
52259
39774
21589
27200
23667
36986
5755
61644
18013
73851
83157
60385
18070
652
51839
10964
9129
8056
3695
62454
37460
88548
22690
89169
94052
47357
53132
40836
63013
68003
74297
20780
33340
47183
95182
80116
4039
55822
46303
19146
98995
51236
99899
98839
40287
22103
60695
73458
1775
75458
82755
25993
40679
55871
16996
87106
45386
7134
11422
74685
10314
49038
21648
52798
58315
23273
55563
46021
37753
47488
18948
49288
44007
33616
87017
89355
6703
71026
28741
8496
35766
82630
25222
40052
59518
95468
97050
20431
62216
94310
27082
21015
49068
27518
37099
89272
18019
11293
86184
23274
42567
4946
25428
60679
99560
43567
38591
5971
89337
80568
39683
99282
6474
97395
55615
5362
70363
17669
26698
52268
63130
14577
23841
78907
9388
122
41130
17928
69019
46337
1028
44077
24210
29559
52941
31923
50299
98973
17123
66703
98912
52342
54750
59965
37112
79259
51899
81380
93527
50881
68067
74573
13855
60450
28637
19068
33111
85203
98246
57587
4961
46040
40858
98794
45321
70963
82758
94340
10019
20819
92423
96127
40715
64368
25916
23557
78944
43117
84795
58267
24923
2344
47315
40611
22012
77841
72651
41165
9875
88588
28548
46997
95184
14682
31918
72964
32530
33953
38293
63643
76610
25467
30114
12554
78164
72513
11798
53961
85829
78522
52956
91311
65238
5060
46929
25630
38383
2075
81653
57409
21168
78890
27044
49261
45599
5918
3199
56749
15767
81905
5175
86220
36442
24264
16424
79397
44548
81432
21625
53614
20676
74037
87025
64082
94347
59164
97173
99669
4523
55863
1961
72359
50420
50264
8961
4349
41655
62283
86750
45077
15098
99624
51549
81529
56954
37483
4795
86523
82742
34674
5156
97992
28135
58777
46125
24941
97039
97713
11252
73087
12032
5796
83990
62006
3141
74801
14936
9092
7351
49672
32765
44434
32861
65771
97414
20788
43420
81372
60056
75518
94379
32061
23227
15326
64759
44830
8890
33537
20342
69518
12258
39786
10017
80560
58337
15950
8048
59045
44723
46783
68493
94788
98059
51346
40978
66391
62007
71858
58782
82231
46594
70933
89034
36168
56627
42601
15542
17726
4506
379
6364
57238
35804
96104
98299
50324
97300
99173
78240
1979
55918
71723
186
20044
79202
28779
28205
55154
65143
97605
59866
34840
40025
70522
9444
5233
97084
35319
97113
36987
17239
31132
31049
30485
65797
35668
71139
99251
71856
8764
77127
30855
58402
2058
31071
89188
19054
93826
43553
81594
2245
82458
49799
13414
27112
77675
46363
97519
40230
52322
30246
8404
76177
69619
63196
49488
22527
40119
4886
50622
4526
1182
24549
71452
23712
84043
62169
92507
66153
53095
54896
56638
39571
91682
7906
94185
58126
57298
26763
91711
15271
27710
12515
37244
44972
36195
98839
95151
21560
21245
4006
73055
75773
86790
52077
99479
23553
79342
74395
5862
33724
15097
5862
46000
66995
41050
53590
93107
55813
50640
27089
59220
80896
1664
81175
46996
38916
54251
58411
87159
37769
56514
35144
45784
12502
78980
97536
81985
51788
62680
37599
50989
90839
60831
18361
68022
80007
65565
79982
17928
21961
4051
78569
97532
91132
96358
52696
51230
39595
82004
93271
81279
87505
29532
82603
24035
56029
3533
32776
8599
4016
46670
23400
469
5239
48911
28160
28189
69786
17384
69629
27892
80359
44803
45461
43833
64175
74446
38734
17487
99460
51698
47000
71262
89765
83307
19233
99580
73305
60825
83378
22784
78564
64024
83461
32099
61277
33818
21540
85833
27355
80181
14556
59467
1498
37735
21240
42138
28044
2392
96077
78681
20168
90892
63301
51828
49913
25720
81001
74310
36389
12114
13709
40838
64630
35369
16810
54820
2942
4428
58292
53099
70671
42193
88701
31789
58130
25681
77931
13810
23802
36557
49479
75278
54022
58663
18732
26139
45203
72414
28335
25780
14482
17237
41175
4479
29763
59306
1154
78308
98842
16072
74498
3807
19738
93931
18384
67469
14049
95300
30067
5978
5709
83432
40661
44150
59459
38008
88650
61331
32931
86090
17944
53884
93524
41798
55196
96722
36057
75613
56856
48760
48075
86702
46892
66695
4883
99362
76324
1370
85890
68765
35722
5386
6465
31540
18385
93306
72461
8305
70951
15004
36224
16583
751
59407
7886
71672
47370
12841
12928
75205
98739
39003
57530
98451
16291
31635
59888
60522
34428
53344
70033
11348
91978
60079
33165
8438
32436
95436
1303
27139
61142
84596
33875
56444
42067
5771
93691
79911
14521
53067
27588
78654
14782
85322
59491
35452
34696
19121
50848
25250
94723
96332
14242
50242
16905
85357
85287
35181
69453
12952
39369
96168
7944
17188
15118
98208
99858
22227
23639
54998
75056
67265
48537
42597
91714
8375
22357
81428
73124
26756
94243
29987
95529
71789
8717
65684
6172
17290
32826
74699
81889
1812
89561
72452
70945
45325
14179
2935
26341
3227
43442
61784
18526
28484
5833
24467
82442
43223
42263
95186
45782
97987
54771
24348
21008
78852
9629
53551
80364
14391
64583
9143
74166
829
37408
94940
43300
70248
84165
57024
94531
52270
68128
81089
38458
26362
63079
41515
67089
45527
44425
45854
46554
44945
68977
12
99991
28868
30019
28152
47118
61623
39268
30023
70950
84755
44248
85171
32329
11020
10852
83890
90336
65074
64184
183
18691
83329
48451
48561
88601
34296
25555
92252
19361
41314
7873
61762
59722
15563
24811
10978
35605
9161
21036
21418
79233
48519
96636
33797
32930
44299
73980
48493
16936
26966
93930
11436
81979
2396
89419
20961
37522
23631
81578
91411
70178
28991
9802
86906
23856
8860
67997
9241
96322
1801
23251
33874
76899
67813
4925
94071
52569
36875
21980
61467
28439
51474
82179
2843
65984
69255
86582
42563
85384
89043
28397
23881
17327
73432
30161
60335
65114
8060
15044
41987
5197
28744
61042
31546
41508
78568
46810
27442
71109
49698
86846
17847
32238
61585
98711
34832
91051
91684
20188
30238
64
33319
7474
70937
53789
23938
45630
6032
78387
64987
24815
12835
65706
56765
95579
6622
43792
73756
71321
28300
50789
89933
82026
83890
43820
43705
33620
57521
70287
94137
52644
73345
34685
997
2700
3702
40187
86786
92617
6161
83542
41873
81764
27807
61717
976
70677
15906
77134
82955
84792
58903
16096
70059
74403
99372
94058
72681
15919
48409
1279
89172
56368
6714
89362
12586
24975
95745
26265
33266
20848
16773
15912
14941
64325
43945
2324
99972
35263
51900
85966
81797
50699
77892
65793
20284
81186
94320
26352
94983
55778
9662
76110
83264
87002
22385
56081
37878
29179
22809
3345
6006
15578
84726
29740
61518
22360
75815
54607
75590
84153
62650
32477
4147
20295
26504
37224
14433
47963
43741
62661
81925
50042
22760
78878
75536
10769
50984
75803
83045
22447
39087
98864
17208
47519
14973
55575
27779
49027
96597
25889
8818
89376
97412
28317
36325
51874
77628
65802
46956
97111
10602
83412
90661
93064
53117
10213
31404
7861
95532
98300
74483
96066
57785
24789
93222
79761
49719
30719
67859
20546
59729
32470
23553
21504
47005
55818
88223
64163
11973
39288
41212
17825
62388
53396
85099
75417
4639
87113
47836
32607
88482
45337
96209
45493
52160
11150
72690
33443
69347
24593
28509
83786
49632
71043
45616
51941
254
75871
22317
44981
49284
43000
3762
93938
9197
99464
13943
71664
44634
70891
79370
6959
54649
4476
51188
51380
43623
70316
2608
60726
60548
39207
6187
15410
7402
44108
50736
53845
19834
57739
84694
38997
72726
8605
16194
69699
2695
25097
21168
48472
71525
4309
41805
44285
13800
3339
609
63168
92502
6096
64509
3102
53052
59061
76001
86432
71294
49001
36127
52642
88930
89965
58068
54815
1482
91947
36380
21691
42578
81566
54146
94570
28957
444
92382
93934
1858
57578
74087
25553
74473
52826
86602
720
35107
24907
21688
85219
88068
68916
59317
10316
19093
65054
94822
89713
14205
15671
93897
46554
48928
99475
82576
69998
60659
91659
99024
99159
59571
60286
11185
61572
53261
41315
45368
50688
7440
31091
87433
36193
1909
64235
98969
43229
6316
98031
70726
76016
78262
60196
12671
25895
98845
89672
32334
1943
23818
11994
71031
5372
54094
76768
30243
71810
56182
61490
16384
84889
4271
34374
9615
183
32955
66172
62097
9898
81399
71769
73141
16188
35673
7437
77881
27387
7957
84241
33059
81418
24065
50769
15890
12244
72957
40846
20
16762
43372
50990
71844
89876
8499
33004
9162
92294
76070
85249
67706
52845
75351
50458
57084
67668
3540
8964
93201
15800
89603
84469
40041
96356
71706
26136
72168
523
53853
67452
17608
19319
96390
85600
86976
53225
63996
18848
68164
49919
94669
63427
648
22172
86744
14358
20430
71100
97224
39572
54717
43907
84054
75920
71046
66201
45435
55621
7461
58891
64818
36065
2021
65401
53215
27167
60363
71643
82863
16700
25352
47801
9675
673
6758
19634
23345
26807
27140
6924
3031
73727
25470
61943
53790
46177
25551
5569
97339
19385
5162
55413
53772
22131
80378
52875
44499
71252
45743
9591
4888
77451
13107
93490
38076
46813
82465
69689
67105
10838
35527
30384
25403
50015
62647
88622
1578
91446
51785
91250
24383
35603
28410
99889
70926
74233
76744
68562
628
33372
88304
85677
49278
58860
21244
46573
1408
65893
3550
12051
35232
22842
40945
83320
68120
74228
85644
77235
80823
3020
36103
41887
90984
51072
76505
28995
14745
15923
85520
67774
56544
40745
2022
78027
98495
26617
59895
57540
83646
87408
3934
24566
79858
90391
40851
30051
31119
94332
70430
37498
65751
95336
7672
57395
20064
6467
36278
47374
50281
61857
59778
46072
96104
12439
52813
30828
13920
38319
64472
30454
27252
15167
74159
68738
29042
42864
10843
56142
3255
73736
42932
51193
67767
86535
8453
67102
51129
37038
65670
19260
4668
38854
99679
33738
11522
53846
54339
69002
12245
4327
26346
73513
33113
44004
5571
40434
92416
4896
29127
52255
85351
6550
71023
28448
97002
62464
4562
72585
51779
17126
54176
7804
78726
93762
20605
51370
68383
6731
98649
90560
64910
70029
62449
97662
69174
73079
48797
12348
93019
61467
22850
84278
22645
71352
79134
28506
72052
27881
43599
62375
29541
3398
57445
73102
76422
58076
16142
30765
87137
67829
5367
78200
39276
52397
68857
51388
19692
21373
10697
85806
93258
88859
9433
29804
37084
79705
5228
45867
48287
72836
13755
79795
81113
39424
16014
45269
26265
97619
3233
91916
12416
8238
82573
68983
96735
52940
8956
92365
77923
95531
4697
39108
78672
6162
50596
26229
70741
13528
75329
66585
24338
71533
36188
76644
23364
16421
16032
28382
4749
64087
60169
62311
54719
97756
44473
77781
31558
78168
904
28484
71831
50649
32142
55727
63439
97488
56339
63215
79175
45522
60626
47570
60030
22821
93885
47216
87915
3884
78952
88611
15478
25360
60116
53700
84504
47479
12810
83680
39540
41960
1245
49186
93344
56148
16666
19705
3140
50406
40146
7448
4866
81715
30095
11615
70485
62919
18826
17957
91021
34111
36925
13541
99276
12884
32306
7221
26758
14924
18370
73278
19833
38326
71852
64808
24025
82971
60106
53143
71164
98417
2040
80204
76315
73435
6593
98348
56294
33898
3678
23620
75473
79104
40902
56027
41335
52864
54847
37724
91265
51458
54578
71955
82949
56370
8065
52270
74090
8480
74566
8053
83175
62035
80116
43208
33174
49855
55548
18490
96206
66850
26050
44153
61254
70885
43729
41146
71298
87400
51497
84037
47389
94866
2499
92886
13298
58156
43358
90660
57841
58042
64696
28453
71801
17469
66018
2166
65421
76377
64374
59698
74323
36985
97610
30547
2546
62067
34016
20446
8221
6927
29918
9216
59490
47778
62865
51133
71302
69413
62428
28004
75513
14590
86034
97043
85757
94051
59587
43661
44183
53917
32300
37483
27435
8727
90136
68784
76927
64140
25032
81349
86827
48454
10210
88599
32883
92949
58121
69695
16702
58948
58361
70739
28491
96941
84570
34632
57829
4026
72972
88837
75405
46409
39407
10124
3814
49118
79364
6471
6159
4895
36490
35484
78659
72548
51294
31701
9537
97337
36410
67143
56016
42138
5125
57781
60565
78363
38225
6480
13210
6880
55777
35137
24532
74594
45203
77205
63867
21717
65788
28437
8842
81341
8750
70947
30259
14512
62865
14718
29465
92419
77534
59176
61187
80934
82397
2290
72544
69163
30190
15175
98875
76688
10258
70395
23362
98723
47209
30584
12256
43460
85190
26331
55741
96411
23893
42635
84809
15722
29868
40456
17337
18433
7305
69169
59344
43430
91969
33258
75369
78827
89063
32470
78575
14586
32231
6253
55580
30836
57009
50846
58525
52011
30786
89643
87560
35139
47505
77468
8199
34716
92121
34897
50588
17174
752
96129
72374
21508
97334
81908
47178
2640
50244
3565
80079
95824
95572
18931
17913
87983
27417
36042
41143
33380
65021
63700
42539
2295
2452
69613
70748
13557
77577
68683
48751
88811
86572
64148
313
91168
6292
34197
94212
71278
88645
15496
25282
91731
32715
93397
89621
76228
84284
54663
59414
59885
86829
96066
6568
70341
40914
61302
70358
89010
96364
79515
70977
25936
56131
81573
19699
77750
82767
95621
75706
43660
64784
73470
91800
22096
82538
31825
62018
64631
22595
27668
23725
62594
12684
60349
94052
75484
45325
42361
4863
11794
35418
12351
2097
60337
37300
52515
4287
70745
625
84027
53344
83738
66076
70922
42321
32887
81501
33500
65632
35067
17065
99188
40894
58962
94830
7159
75007
15425
45994
47776
83621
16265
2652
58689
75624
40333
19127
264
46625
49319
47282
76125
22458
50951
76166
30988
59163
57993
55237
65714
24399
85543
74739
19133
38640
53637
66719
28589
43294
97724
22719
72150
82100
83940
65116
24178
42474
34657
20208
48724
2512
73810
36484
60260
84738
80570
96773
97724
32913
35981
47473
14407
59104
78453
16876
60360
53321
18362
55717
51567
57153
92208
88561
72094
57567
47576
23993
99975
12876
56899
17431
32480
20765
30398
68555
97026
9199
54077
73504
86242
66896
23217
80453
79028
26864
93943
77982
18768
24490
79828
72018
62862
63692
49334
86969
56561
77835
39120
82458
2470
19163
50509
62023
51164
64591
78005
57459
21164
38209
46338
42240
94423
60258
97673
30790
76310
32616
16458
54574
77042
20137
89530
34649
52101
30914
34614
28023
87398
45467
52107
63389
91441
81945
33172
72450
66390
22082
79221
54272
49931
82379
98333
1102
30842
99818
13137
69876
82495
42837
43867
59205
53307
19684
68378
87285
31109
95284
18824
8518
25964
70763
59203
24202
78746
16222
5064
19780
56283
63724
88055
52900
29989
27975
35634
98311
60750
13602
37759
83193
57850
3741
11033
60357
31899
38489
97977
14128
1683
49034
78196
30536
34826
67355
12516
60846
3137
11816
62046
26247
90897
99662
86337
11346
38887
43433
74424
67990
69049
43688
52542
53747
32231
36739
22027
55845
83757
86042
26315
81889
19566
32135
36611
70059
36753
70640
89721
13809
22438
59812
81906
35882
49634
96135
39265
4712
41593
3306
67069
44742
46883
95604
81265
19283
48692
41190
40073
72719
53012
62606
9387
27364
91924
49611
61355
75954
59589
39196
99183
18296
28826
12884
20006
28984
69949
2653
72993
4557
36486
8161
92216
44003
70007
70184
2724
21484
37896
38869
19355
31043
93144
59932
84547
80302
34284
71547
64852
79506
6978
74669
89716
40714
53316
23244
55566
25792
59242
93249
73617
51338
97389
95048
37001
62447
11870
36881
11049
52104
2134
56172
84272
51931
41099
62663
91063
62048
25170
25715
68912
36925
84975
6088
61741
69720
52477
71673
75344
81703
42363
35071
19317
35467
23314
297
18308
79379
3931
71838
19247
19840
27646
15263
11920
37158
21118
25502
39402
69690
24797
99771
18244
86474
79932
8038
67565
39954
4366
5486
26748
33922
32243
19237
41539
48964
63965
59299
1390
69726
38924
20102
42911
16242
34868
5948
36874
4279
89184
39861
60458
12363
64269
36438
47452
9919
48937
26068
90696
95388
57733
64089
31996
71138
78436
1703
32933
32522
99173
40111
28021
6574
61948
73418
41027
185
20388
26986
86805
6841
60011
24028
74057
46870
64938
78611
65851
44669
17388
67738
20655
50176
28028
76952
4913
12293
18842
1762
88364
3355
60485
85172
72124
90888
94413
67881
23769
76848
21606
77299
38949
95842
55812
55215
54557
66459
40230
32995
23380
33538
52419
19500
21423
94837
84435
46539
4040
9405
3908
55697
91772
66332
91508
85792
76217
13099
87143
40561
51732
84374
70514
18917
81323
8175
43493
4721
23008
75553
47187
48364
93806
32646
24844
83493
94684
58549
90132
65620
45223
71323
58817
13896
25210
30095
14667
3849
72062
58267
97791
15662
31889
35099
12928
57777
93143
89023
18395
51249
81300
45420
75239
81502
81028
61283
74739
61129
95485
49163
44759
2210
68457
41772
32433
3758
96159
79937
74665
94085
62286
79900
63213
49347
28109
58082
32935
74267
89651
89305
2017
18132
88663
74110
97958
18548
52105
58024
45770
90008
37941
41408
80346
22312
64805
26161
8305
13053
45467
12213
69597
36289
20125
8635
63089
45548
7353
80301
37690
73928
35050
61856
1609
81992
76278
73290
30675
81876
82136
57691
7896
91166
99836
29850
43715
11641
10233
83061
49381
35443
9830
18957
49041
76248
58338
34597
72258
36547
64525
30220
24924
91865
66091
55452
26297
85598
27460
24980
44628
91095
4341
61292
91909
33671
51640
43208
19201
89901
69145
50605
64216
38296
33774
76351
96263
7101
35861
23684
76643
96217
79589
22352
30788
16390
20094
84350
7713
42086
30358
40026
59055
78895
60976
45420
8811
53983
87709
44431
79855
15382
82319
76529
20459
55468
90622
74648
23646
11748
2986
1909
91730
53979
18238
38005
93503
84833
67923
79109
9216
43618
7846
44452
21178
32499
98549
86768
58422
91064
38051
16396
65435
8459
59347
96812
11126
99135
66491
32164
27320
82232
9233
65793
9415
94623
4341
76538
91189
47810
89147
36961
76623
48886
46365
71320
46882
20390
85940
22196
82989
76074
57420
90864
99131
38625
52746
27703
30307
10424
61735
82727
84281
66658
20681
8257
63087
64586
66356
456
39548
71692
92480
95860
64832
41724
56852
73585
1789
18394
79865
51761
56214
20987
17786
45438
62102
10032
36952
84549
18324
85466
96425
21786
14068
63999
32854
48282
49247
13678
45376
21076
23423
6192
75128
73058
99655
94548
98228
68414
790
50344
50237
14580
3045
25698
85136
41143
28939
4362
96311
72149
99494
80840
24567
95335
75372
38804
11505
27303
26416
68952
3370
9948
33378
72402
43044
9248
21157
74161
57347
26654
67866
15672
84920
28385
90567
20896
91988
77799
29046
855
42731
69344
66347
15405
67743
41839
21386
1839
9714
32721
99533
36521
31525
26397
2881
6177
54311
32351
38581
5700
34068
98228
69774
35256
90824
35990
18785
6671
27037
21010
54973
35072
43327
55828
62811
99731
75144
84070
88793
79792
47574
11663
63695
51631
63108
71791
73580
61322
59803
40330
95296
60960
28049
59548
69641
84110
86722
75039
94596
51222
7948
3911
8360
98200
54378
48509
73295
9053
35891
79557
98992
75509
3564
81018
83899
50
69018
27467
20150
41593
87675
43557
8647
73716
46305
14357
41722
73620
89234
99662
19097
74358
32476
27712
1675
92348
30986
67194
59539
80148
20069
6310
49562
27824
5896
65828
17342
72916
23128
8517
95516
92945
42194
3009
82096
72859
9254
19141
60784
81314
32865
18480
36207
33635
34595
21986
5122
55475
61279
73981
18625
95847
54949
79607
66553
11497
6696
75800
26002
94282
83840
71323
77959
33731
80534
18483
67604
24895
69073
3258
19444
41647
4150
74135
31085
39571
13983
23155
29999
23723
77591
79820
71676
71114
9180
20292
72910
48608
24818
68328
4
29575
71465
50192
49877
73333
6304
99414
53967
1364
65919
65743
42017
24405
49174
88383
16493
83208
25084
22962
64677
91795
13328
94716
89480
28255
31407
72348
33268
10291
20619
99732
34079
12687
83342
40785
35735
69682
27787
49659
2313
31623
26121
71141
78968
80071
69911
98935
65405
84093
55631
11445
29213
40726
48413
13792
75919
27664
62103
89184
32361
55964
54442
20444
43126
17127
91467
22197
4117
89774
44105
29675
19183
72464
58789
67971
2522
76458
28894
37239
82472
46824
72237
69030
29117
91923
240
69130
38190
37267
22220
32494
38578
83862
7447
55063
74674
25526
58033
75443
18339
83386
40794
9204
47613
1101
94641
14193
51087
41673
65197
69705
22225
93233
57906
74651
8432
92154
26599
91106
14380
56888
28744
24290
21802
32240
16148
94854
51681
33103
4694
45320
89684
38462
97704
6662
38476
12683
53967
15410
91519
99336
6456
87128
97446
87904
22748
43851
87983
35162
63075
89878
90221
41801
76820
57434
29599
67235
23392
98486
3605
7837
17467
45930
30930
73059
17936
84631
3265
91194
38864
6740
77896
84622
32958
46327
74638
66489
39857
91571
75777
7372
66436
78343
95576
12868
79338
58174
6160
45917
76085
52143
23103
87649
13756
52574
55832
75242
92051
27718
32236
45187
94615
12084
77307
26182
7704
83671
54574
68651
79420
19724
53729
81291
68795
88761
75324
18374
67534
94183
51344
49654
44848
43157
80747
10743
21713
34711
30158
21281
36918
96143
13351
38687
53176
28817
61079
9616
94102
1442
98671
93058
79837
51226
44913
37792
92679
20218
38865
5810
6577
93082
70723
72859
29549
52697
5522
75263
12378
5072
33073
90823
12323
72027
93709
53608
92098
33180
89292
11443
77218
85389
21205
26180
38543
96854
12360
41360
50386
88287
64107
12981
72460
25529
12550
60232
39440
34652
78009
90912
46220
13587
56538
85984
10264
5471
74728
82931
40609
70316
52056
70252
41822
53615
20872
6064
94970
82386
37546
72116
79889
11580
42884
97365
67397
77625
72585
80966
2090
65100
63820
25569
89264
22027
72658
533
33033
49575
94801
14319
8449
14739
14235
12113
24574
13263
41874
81102
13542
71254
50728
70180
79166
83270
42624
30732
96427
64967
78115
24987
45199
23039
6374
81701
91051
17452
55950
64997
97746
94180
19565
78708
73695
47384
76998
18812
96980
83888
40820
72820
633
59039
6675
5555
15387
91382
16556
83273
22994
90117
21218
6183
20123
83208
47177
13886
28541
91574
61575
91763
19461
75262
78943
96282
50739
54500
96502
89263
60821
17949
83958
15726
98899
30125
85520
17229
49105
54235
46259
53439
50692
94471
26696
75372
43784
17515
19141
98206
7051
96466
60701
13065
91018
23393
52378
23816
81708
96559
55105
17048
59298
30373
624
24439
87274
55949
76583
89886
8351
1541
73
13901
28661
70495
75278
75890
90934
89295
61527
72575
97009
37937
51821
11831
92652
87544
92301
91984
94919
41512
73429
59734
92648
14426
62093
2341
88181
20775
38798
95059
86885
97048
44076
10858
55782
60084
91950
58788
40399
36098
56054
27108
77314
56422
34761
73499
42285
87118
71827
67119
49946
44430
17482
35577
54037
65868
49840
5910
70074
364
35487
58049
7363
81184
79815
44270
89352
83507
91537
76356
7239
4951
21387
99385
77654
56072
54420
61536
11296
4391
34434
4661
77226
55455
5548
63499
60540
51042
63645
22006
87529
5141
49807
18798
65534
18195
23518
24541
81097
89295
38138
24816
35560
20517
57678
36759
5242
32739
22972
51097
6396
39331
78944
50723
20686
91543
87512
99565
28613
58080
91161
18910
71693
21749
3919
27250
34211
9574
3787
47792
26321
93123
30939
89851
24672
97085
30200
98367
54637
59332
84435
17212
31828
9065
45801
44502
7858
31341
28485
79067
79274
4370
65090
97775
22356
72932
99066
92903
41165
57763
61678
30374
40665
74291
62198
72428
77911
60642
31531
27381
20096
16122
31114
23671
43556
43300
38884
47184
87522
53744
79848
71191
51353
90551
48256
16619
47026
93472
98671
9309
83083
50498
33464
20462
9811
8227
9454
75690
1568
81408
78072
62342
78055
98698
48083
14251
39320
70588
91336
91836
20114
37321
44593
92664
88667
64590
27192
29604
47970
87465
2929
19338
89598
23184
68623
80966
31167
33524
3380
28360
68283
34275
73938
5450
35573
99877
46177
69137
63986
77796
41768
37842
66092
47665
53312
36952
53040
63979
98626
51903
3206
37943
19521
78130
73225
12271
44147
4555
28387
3296
87600
15806
88239
94532
73836
88114
45830
68296
58846
73876
32301
22336
25028
46785
64038
19402
25921
67209
98802
63719
32343
8685
47368
31206
15347
89463
98509
52999
71668
60573
92824
58084
24694
14649
29280
19624
64892
56564
66505
88829
95051
85766
50628
21786
94851
51749
33925
84289
96567
13980
52199
33636
81454
40036
44057
67141
70190
24282
8539
57794
80268
37664
1106
46040
93015
91537
91747
37006
90079
5135
10621
54479
29408
4866
47223
75853
74893
40554
77512
6691
46190
81503
29683
94988
10535
86884
86197
32845
38150
16380
5930
56603
81267
55881
4698
67045
2768
84379
67367
64408
16380
5182
23418
6751
50471
38912
59766
15488
49808
28030
1524
88185
48390
52857
29563
14333
66001
29716
85838
39089
80290
90284
95483
66331
37617
51020
35497
28061
76085
9118
45575
74714
86433
45261
22475
13715
86928
36392
56874
9142
90340
1327
46716
34666
30480
90809
91018
69494
41655
54073
21827
45474
26998
51862
64591
27499
60270
84308
10351
95575
54681
70843
35833
9356
11555
13533
48121
71078
27528
15055
2886
15145
30504
81910
87361
58788
63963
37508
49577
81035
45060
73538
37915
42004
61694
91730
97619
3245
1504
94467
68505
11056
9462
53379
19845
77140
18202
51234
4829
31003
94420
77197
63539
62366
90403
87405
79426
44470
42947
86596
69237
62371
44837
63123
25552
79042
58127
39896
82428
77076
27844
94992
14263
50838
50646
11394
96553
87964
95948
92183
17457
46827
57086
39096
2650
58292
70
22301
52651
5782
72702
30899
4042
39123
32517
29976
86750
6804
57230
69540
12606
39430
25937
23793
13037
7195
28142
86054
55842
72409
23885
18631
3658
82105
96364
12933
9673
87003
29725
51970
26073
50442
75147
91408
89771
78830
98816
14144
14759
55040
7499
81578
77680
23639
26840
15293
98241
49328
1792
32675
92189
11687
12878
15907
25936
18073
24825
64763
32759
71395
31180
66724
66784
38904
89289
26296
84879
18074
89322
91819
9653
57768
66341
82863
84369
32594
83809
75644
26428
10547
20475
6073
3893
93848
156
38731
88379
74462
34566
57900
27774
94250
83926
98463
41196
48480
81013
31734
63267
32782
79834
23681
44892
13617
34580
76547
41462
67849
79511
82796
8900
6787
81321
12348
17658
71310
73989
61679
66106
93044
76997
23627
36653
49005
51339
17465
2812
12278
61757
79101
10435
3112
22793
43509
17276
33416
49369
63009
44123
37942
27782
55411
83414
730
89991
31263
80603
74435
29455
48776
83630
46570
83824
27026
27637
63167
72540
62096
21857
83296
57752
85648
78594
6542
383
24862
32139
36282
55558
97199
37496
80390
46113
10049
85172
48809
67675
96456
70801
13114
86047
9284
5115
69549
37860
68942
23011
49058
32060
68669
72839
61235
50677
95674
8312
28108
47278
81095
76478
48305
79503
72795
82169
72656
50226
21142
71194
88403
29729
21065
76559
30524
71177
10488
73405
58281
30320
24675
21892
92558
4415
24104
83464
52853
7382
70964
43069
7724
97872
51939
52655
43259
92460
13168
69500
3347
31090
23285
53052
45579
63043
3978
83515
56623
24099
79755
5201
1139
37227
40198
81630
87407
49706
1223
60847
51313
29362
18070
41977
92099
2998
36041
13053
46610
66229
46093
27747
95938
54157
27829
10186
27768
98584
76780
1639
4943
37206
24632
82934
52551
1089
75567
46911
48418
24627
87453
32371
45242
84518
16508
79487
26254
26079
42178
95065
83277
3421
48589
92532
60767
20380
5518
82128
12637
36108
59221
70055
11961
28073
35664
33844
75139
60889
5189
94416
59420
13228
65623
78580
64746
64758
70405
35903
47285
42613
2284
80248
67170
46924
31720
34328
58074
42965
78532
6411
28236
80466
54243
83111
95503
41934
22236
42960
3145
48779
95664
248
19466
60811
27703
12521
87326
36979
36362
80301
18181
81475
41941
96234
90947
25590
86087
20832
38453
25043
68587
23678
61570
28647
85319
20655
14616
77810
53953
13907
57286
34007
46363
26384
37201
17223
75859
26647
4808
59857
67086
32016
48814
67614
11207
16037
21791
79793
43243
79576
72468
54425
60449
163
86979
29052
51016
58817
47744
22143
80723
68995
91739
32167
32810
33996
43778
4915
12349
86858
14790
29915
70121
49758
3753
2669
98948
40900
26354
63820
76254
21516
75232
57039
15190
90522
65690
56254
74893
5221
79196
45767
83397
59055
4184
15364
81489
77077
77472
37709
52938
4592
16907
9057
15881
78207
75967
95794
95539
59388
71911
98736
85451
3058
7085
84791
30611
54970
43303
61729
86039
72090
54289
96697
20780
84831
37428
88976
92526
34223
21709
93304
31911
95221
50198
37974
37935
9460
24706
77867
82671
29648
24177
19607
60626
55562
64544
13609
38858
326
20899
3858
67607
26568
58743
47696
35168
18380
76309
46069
97060
30793
66059
55353
35835
39357
91857
49204
2736
50496
18703
76949
58342
91078
74032
28793
89651
73789
24895
81020
4210
63202
48795
39613
87529
3706
78685
81875
20623
94443
44340
94658
77765
56929
61945
45777
2130
71771
79423
74091
30953
72280
44197
76153
42363
89323
10258
66177
75840
88501
14173
75287
32353
35773
68032
76056
3776
18831
74133
58639
61744
6569
76556
7308
4764
3221
75689
13459
18891
2232
12060
42416
27115
81801
93353
95363
56023
95179
61139
36273
42074
2931
40065
70233
70660
44643
22827
63217
22264
27378
67520
14792
14248
44
72228
26648
83880
42086
48030
69391
15890
19988
18903
12862
86021
90977
19563
82676
67831
17625
61241
92909
70119
11370
33345
56918
99119
31767
16205
59434
33396
83088
58981
95659
85734
9490
37683
3486
23974
39956
13855
13657
97753
52185
8690
71584
64668
23387
9633
62111
34392
50807
90764
20039
31661
5322
25071
70333
32975
31303
16562
16464
17074
33002
28094
29031
61620
55756
61487
29854
79389
29248
84025
30331
43253
33252
90380
13286
93083
62923
58607
79103
47492
95219
19071
59087
75928
22594
64914
78048
45904
74637
39492
27587
68885
49606
79970
40155
61206
83565
67240
82413
45370
28829
30927
38698
59886
18024
83834
28696
70463
3428
25685
61667
46531
93183
10613
85527
24844
51693
29173
68472
86197
70371
2863
12910
7990
69504
50889
37835
62732
34138
86893
42018
95303
44550
69104
1437
15884
37532
90264
26856
75534
82319
21731
10664
6072
9635
99291
77859
59462
66773
67414
68676
91346
17271
10709
53720
4496
57908
91605
15495
22382
43718
51933
10158
35105
26730
71206
67599
15998
77945
84187
29018
68611
77566
47717
67387
49038
70228
41544
700
1198
22683
74166
57074
50520
65907
56296
30436
32612
75513
93318
73593
72212
60908
67044
96223
9579
57605
60485
82386
7616
27479
57876
85030
88733
70137
60355
51415
85482
71492
62045
90294
26211
76589
93946
20196
26804
42124
64380
34277
60691
73363
17577
50127
74361
48065
89364
19324
64557
54396
5007
49568
27342
68278
40239
31158
80580
2692
27232
77964
29399
69747
44932
86474
37104
40541
65823
45856
40976
81445
31659
68190
96968
89994
76273
24160
82119
92567
77812
18105
17503
73604
13554
51510
18629
63315
23586
93373
16276
2659
59665
71366
15840
32625
9487
81149
76653
34296
56125
5635
97169
2944
48963
59241
14305
13221
62419
31681
36542
26381
7547
50897
73297
52068
33321
8237
20762
50982
97620
96450
20381
5257
30953
81544
12033
43832
1687
75696
87090
2881
68796
65040
40636
69224
54373
57715
86181
4955
38739
44788
98624
38964
31328
27648
62649
31905
31795
81257
64241
80353
14545
59662
56407
67673
19559
25816
67118
65159
72811
79792
43386
39122
63713
93487
94980
858
18279
51937
84916
89557
11540
62674
34319
24053
6675
78903
63119
92404
28790
4860
24806
40111
36571
61693
85939
96143
1686
88901
77569
43468
51288
93727
12102
67402
60734
88227
17978
82882
99011
82346
95506
72377
9231
53317
25284
21259
7663
80619
8806
57656
14461
95654
52914
42435
77552
72541
35758
31501
1767
6791
71051
60585
79800
93306
9901
55300
123
96697
15137
36356
92089
75566
98459
13706
18518
21372
57441
51639
58158
33814
28053
16529
93229
52636
47234
92089
73849
75222
6180
88263
47117
89239
13172
90432
81236
86723
98705
81232
69643
30783
50150
23583
75617
65779
69213
12109
51242
68733
34610
43321
58028
61644
95588
18196
86654
14758
7491
24772
36758
52752
56609
88047
81834
87369
633
19996
91961
20535
99790
20887
44098
39821
74308
10090
76162
22450
62255
86488
38516
20164
41819
85651
5848
86131
49548
509
51099
67330
93576
58875
57918
14107
6176
630
79007
54094
339
3410
73967
55010
74095
58212
52172
88770
51438
4777
67970
58060
47301
8661
79476
53127
26245
55950
85703
16225
59233
69093
57225
34109
76412
94312
39183
55347
15338
45452
62104
81920
44419
89319
99058
23994
47025
51534
83281
18741
28339
84803
32064
35298
7208
47673
54400
50933
98136
97867
407
76397
75973
11558
13823
29304
42765
74964
26485
94623
3223
29638
97012
18982
17863
46658
34383
34763
62903
58476
19665
79734
44342
48358
5737
89142
16582
55442
95741
9950
48060
17746
45330
57873
14688
61322
8258
51884
68689
66874
40173
66955
14989
95645
53439
69127
10200
55122
39858
40917
41627
7883
2150
10557
4910
90725
95104
49506
14585
12567
43253
4070
14972
78319
24633
21776
66016
33996
43653
29694
49827
29676
24508
87045
87841
53621
19767
83299
41289
50550
67922
2021
90148
62670
52861
31731
42372
71251
16829
36117
43777
27377
76977
26698
94261
28190
41381
6240
81163
17348
86828
55827
7
64887
69910
45132
67440
29740
58649
33710
20492
30512
86375
3930
20018
25544
36379
71032
94579
41918
1270
2469
77325
36281
15187
65666
67263
62803
83300
25322
50849
43678
99983
19980
31125
70658
58780
10710
93073
33608
7684
8883
73638
90063
70209
64481
9279
15063
64864
18679
17083
38752
6593
45589
48700
79014
3421
87174
78935
32863
63588
53872
25803
90946
23042
60247
46828
30234
16147
33388
48499
47678
98860
36880
19656
85506
92785
74192
41757
64683
26303
62286
69313
73951
29935
62749
71386
65696
64409
7494
61798
75398
27398
93621
51489
93555
80971
86462
46026
29262
73860
79438
86035
50865
25436
50052
61534
80066
36544
40933
36031
78686
76959
13542
70672
11077
42659
72412
56474
70971
62710
56760
84637
12113
11614
2021
32700
87822
15378
42454
6606
38805
88454
82977
86061
50549
86971
86580
34914
60124
70439
49653
78968
31789
1897
19977
30239
97497
35298
42147
49659
25250
42995
64184
7172
43675
41033
58310
50571
9205
97141
82978
5476
4692
31403
40848
27665
26074
38072
79763
59800
37881
68569
20930
79455
29822
49393
69720
10993
41163
45656
15031
26589
5445
30089
42078
81527
88197
16565
77486
65438
33591
56661
98952
51802
44775
23883
29912
23148
20278
60275
67823
13232
14663
29528
53564
72192
13374
94313
44726
47178
86833
12126
97838
2332
42681
45089
42787
62338
78910
683
10055
24477
64240
43895
56920
75583
21904
69985
27283
49240
72459
60995
75982
80424
73520
43260
54535
30778
10844
14567
75559
66037
71156
28338
89867
45463
24839
21147
30202
34389
79925
20271
62333
52036
76010
89128
78415
5177
11331
48346
72003
67457
12917
95786
5712
67756
95932
75088
18299
99012
54657
2318
42122
68940
62013
26430
7499
55895
77447
57019
26125
89331
77486
7970
9878
34966
79315
60468
3616
96307
96642
50474
251
15965
68922
28745
89013
44049
87367
70900
17871
72626
20998
19652
5469
86193
36822
9953
29687
76197
73832
49799
46414
33620
71699
69386
55681
71412
282
49814
70283
92777
6834
51554
79563
32181
70736
5686
48260
23172
92373
67032
67311
38226
26186
13759
1933
87870
42463
39356
22108
20565
56512
98754
23028
30660
53097
23065
20824
77863
94489
30483
55460
10329
82736
7225
94940
5493
49498
2356
31878
36918
37437
2176
89639
86092
90310
35137
62140
44899
36393
59431
52313
15782
65162
33782
15149
28529
65506
97907
37577
93932
87143
4867
23422
53151
38923
53708
47322
9018
77952
84022
84257
84764
42819
69735
75704
82864
67432
24664
92470
73599
13711
10978
71438
35072
91309
27701
428
49522
98663
3579
10741
47176
75021
19724
65643
